act_arr_time,station,track,train,act_dep_time,act_occupied_time,act_travelling_time,stop
2019-11-05 17:30:18.673,WTS,14,QA39,2019-11-05 17:30:35.608,16.935,6,False
2019-11-05 17:30:20.676,LOF,09,GA20,2019-11-05 17:31:45.734,85.058,74,True
2019-11-05 17:30:21.462,MOK,31,GA02,2019-11-05 17:30:42.566,21.104,8,False
2019-11-05 17:30:21.683,CHH,14,QA10,2019-11-05 17:30:41.186,19.503,5,False
2019-11-05 17:30:23.673,NTK,10,QA40,2019-11-05 17:30:48.757,25.084,11,False
2019-11-05 17:30:23.853,WHA,04,GA36,2019-11-05 17:30:51.489,27.636,12,False
2019-11-05 17:30:25.248,LOF,02,QA39,2019-11-05 17:30:44.175,18.927,6,False
2019-11-05 17:30:25.248,KWT,6009,GA44,2019-11-05 17:30:47.549,22.301,8,False
2019-11-05 17:30:25.846,LAT,6106,QA13,2019-11-05 17:31:17.245,51.399,0,False
2019-11-05 17:30:26.046,TIK,7118,RA15,2019-11-05 17:30:42.145,16.099,0,False
2019-11-05 17:30:26.244,TIK,7116,RA15,2019-11-05 17:30:59.516,33.272,14,False
2019-11-05 17:30:26.443,LAT,6104,QA13,2019-11-05 17:31:24.218,57.775,43,True
2019-11-05 17:30:26.444,HOM,21,GA03,2019-11-05 17:31:01.139,34.695,21,False
2019-11-05 17:30:27.014,KOT,10,RA08,2019-11-05 17:31:41.087,74.073,61,True
2019-11-05 17:30:27.043,SKM,12,QA38,2019-11-05 17:31:41.550,74.507,58,True
2019-11-05 17:30:27.439,CHH,16,QA10,2019-11-05 17:30:45.569,18.13,4,False
2019-11-05 17:30:28.038,DIH,12,RA09,2019-11-05 17:30:51.147,23.109,11,False
2019-11-05 17:30:28.635,KOB,12,RA11,2019-11-05 17:30:54.535,25.9,12,False
2019-11-05 17:30:30.034,MOK,33,GA02,2019-11-05 17:30:57.523,27.489,9,False
2019-11-05 17:30:31.226,NTK,15,GA17,2019-11-05 17:30:58.718,27.492,13,False
2019-11-05 17:30:31.623,LOF,04,QA39,2019-11-05 17:30:53.140,21.517,7,False
2019-11-05 17:30:31.624,KWT,6006,RA12,2019-11-05 17:30:56.075,24.451,6,False
2019-11-05 17:30:32.143,CHH,18,QA10,2019-11-05 17:30:50.550,18.407,4,False
2019-11-05 17:30:34.213,KWT,6011,GA44,2019-11-05 17:30:52.344,18.131,5,False
2019-11-05 17:30:35.409,NTK,12,QA40,2019-11-05 17:30:53.140,17.731,4,False
2019-11-05 17:30:35.978,WHA,02,GA36,2019-11-05 17:31:00.671,24.693,8,False
2019-11-05 17:30:36.804,MOK,42,QA06,2019-11-05 17:31:01.083,24.279,8,False
2019-11-05 17:30:37.002,CHH,20,QA10,2019-11-05 17:30:57.124,20.122,5,False
2019-11-05 17:30:37.799,HOM,10,QA05,2019-11-05 17:31:55.097,77.298,9,False
2019-11-05 17:30:38.455,KWT,6004,RA12,2019-11-05 17:31:01.308,22.853,6,False
2019-11-05 17:30:39.194,MOK,35,GA02,2019-11-05 17:31:52.109,72.915,10,False
2019-11-05 17:30:39.393,LOF,06,QA39,2019-11-05 17:31:10.074,30.681,10,False
2019-11-05 17:30:39.592,KWT,6013,GA44,2019-11-05 17:31:03.102,23.51,8,False
2019-11-05 17:30:39.592,WTS,02,RA09,2019-11-05 17:31:01.083,21.491,8,False
2019-11-05 17:30:39.593,NTK,14,QA40,2019-11-05 17:31:00.671,21.078,7,False
2019-11-05 17:30:40.589,TIK,7114,RA15,2019-11-05 17:31:16.179,35.59,13,False
2019-11-05 17:30:41.585,KOB,14,RA11,2019-11-05 17:31:06.487,24.902,10,False
2019-11-05 17:30:42.565,DIH,02,QA10,2019-11-05 17:31:08.667,26.102,9,False
2019-11-05 17:30:44.375,KWT,6001,GA17,2019-11-05 17:31:11.667,27.292,9,False
2019-11-05 17:30:44.972,MOK,44,QA06,2019-11-05 17:31:10.671,25.699,5,False
2019-11-05 17:30:44.972,HOM,20,GA36,2019-11-05 17:31:17.843,32.871,15,False
2019-11-05 17:30:45.370,KWT,6002,RA12,2019-11-05 17:31:14.058,28.688,14,False
2019-11-05 17:30:46.362,TIK,7110,QA14,2019-11-05 17:30:56.128,9.766,0,False
2019-11-05 17:30:46.457,LAT,6107,GA16,2019-11-05 17:31:02.097,15.64,8,False
2019-11-05 17:30:46.458,TIK,7108,QA14,2019-11-05 17:31:02.097,15.639,6,False
2019-11-05 17:30:47.561,KOB,02,QA40,2019-11-05 17:31:13.062,25.501,11,False
2019-11-05 17:30:47.761,HOM,12,QA05,2019-11-05 17:32:02.258,74.497,56,True
2019-11-05 17:30:47.960,YMT,31,GA03,2019-11-05 17:31:12.663,24.703,12,False
2019-11-05 17:30:48.159,WTS,04,RA09,2019-11-05 17:31:11.667,23.508,8,False
2019-11-05 17:30:48.559,KWT,6015,GA44,2019-11-05 17:31:16.179,27.62,19,False
2019-11-05 17:30:49.355,MOK,37,GA02,2019-11-05 17:31:56.676,67.321,52,True
2019-11-05 17:30:49.753,LOF,08,QA39,2019-11-05 17:32:01.638,71.885,13,False
2019-11-05 17:30:50.550,MOK,46,QA06,2019-11-05 17:31:27.537,36.987,13,False
2019-11-05 17:30:52.113,YMT,42,RA37,2019-11-05 17:31:12.663,20.55,8,False
2019-11-05 17:30:52.343,DIH,04,QA10,2019-11-05 17:31:19.038,26.695,9,False
2019-11-05 17:30:52.343,KOB,16,RA11,2019-11-05 17:31:17.644,25.301,14,False
2019-11-05 17:30:52.940,TIK,7106,QA14,2019-11-05 17:31:20.234,27.294,19,False
2019-11-05 17:30:53.538,KWT,6003,GA17,2019-11-05 17:31:18.441,24.903,6,False
2019-11-05 17:30:54.534,LAT,6109,GA16,2019-11-05 17:31:28.145,33.611,22,False
2019-11-05 17:30:54.535,TIK,7112C,RA15,2019-11-05 17:33:19.368,144.833,13,False
2019-11-05 17:30:56.076,SKM,15,GA01,2019-11-05 17:31:20.234,24.158,13,False
2019-11-05 17:30:56.527,WTS,06,RA09,2019-11-05 17:31:26.609,30.082,9,False
2019-11-05 17:30:57.125,CHH,13A,GA18,2019-11-05 17:31:22.569,25.444,12,False
2019-11-05 17:30:58.719,KOB,04,QA40,2019-11-05 17:31:25.418,26.699,12,False
2019-11-05 17:30:59.315,KOB,11,GA45,2019-11-05 17:31:24.617,25.302,14,False
2019-11-05 17:30:59.515,NTK,02,RA12,2019-11-05 17:31:23.037,23.522,11,False
2019-11-05 17:31:00.113,YMT,33,GA03,2019-11-05 17:31:22.569,22.456,4,False
2019-11-05 17:31:00.312,KWT,6005,GA17,2019-11-05 17:31:29.796,29.484,8,False
2019-11-05 17:31:00.671,YMT,44,RA37,2019-11-05 17:31:24.218,23.547,12,False
2019-11-05 17:31:00.909,HOM,18,GA36,2019-11-05 17:31:22.825,21.916,5,False
2019-11-05 17:31:01.706,DIH,06,QA10,2019-11-05 17:31:39.559,37.853,16,False
2019-11-05 17:31:02.304,SKM,01,GA35,2019-11-05 17:31:28.145,25.841,12,False
2019-11-05 17:31:02.902,LOF,10,QA39,2019-11-05 17:32:12.603,69.701,55,True
2019-11-05 17:31:03.698,YMT,32,QA06,2019-11-05 17:31:39.151,35.453,15,False
2019-11-05 17:31:04.472,YMT,35,GA03,2019-11-05 17:32:26.176,81.704,65,True
2019-11-05 17:31:05.691,KOT,11,GA46,2019-11-05 17:31:30.195,24.504,15,False
2019-11-05 17:31:05.890,WTS,08,RA09,2019-11-05 17:32:28.567,82.677,14,False
2019-11-05 17:31:06.487,DIH,07,GA19,2019-11-05 17:31:26.012,19.525,7,False
2019-11-05 17:31:06.683,CHH,02,RA11,2019-11-05 17:31:31.191,24.508,14,False
2019-11-05 17:31:06.762,HOM,22,GA36,2019-11-05 17:31:28.602,21.84,3,False
2019-11-05 17:31:07.585,TIK,7112B,RA15,2019-11-05 17:33:23.352,135.767,1,False
2019-11-05 17:31:07.683,LAT,6101,GA44,2019-11-05 17:31:22.227,14.544,1,False
2019-11-05 17:31:08.280,YAT,7004,RA41,2019-11-05 17:31:20.234,11.954,0,False
2019-11-05 17:31:08.425,YAT,7005,GA42,2019-11-05 17:31:26.011,17.586,6,False
2019-11-05 17:31:08.667,TIK,7112A,RA15,2019-11-05 17:33:31.919,143.252,129,True
2019-11-05 17:31:08.879,LAT,6103,GA44,2019-11-05 17:31:44.140,35.261,14,False
2019-11-05 17:31:09.078,YAT,7002,RA41,2019-11-05 17:31:28.145,19.067,7,False
2019-11-05 17:31:09.277,KWT,6007,GA17,2019-11-05 17:32:27.172,77.895,60,True
2019-11-05 17:31:09.675,LAT,6102,QA13,2019-11-05 17:31:28.145,18.47,7,False
2019-11-05 17:31:09.676,SKM,17,GA01,2019-11-05 17:31:28.145,18.469,9,False
2019-11-05 17:31:10.074,CHH,15,GA18,2019-11-05 17:31:30.593,20.519,8,False
2019-11-05 17:31:10.671,HOM,07,GA36,2019-11-05 17:31:37.566,26.895,5,False
2019-11-05 17:31:11.070,KOB,06,QA40,2019-11-05 17:31:41.087,30.017,12,False
2019-11-05 17:31:11.468,NTK,04,RA12,2019-11-05 17:31:38.562,27.094,10,False
2019-11-05 17:31:12.664,TIK,7104,QA14,2019-11-05 17:31:31.192,18.528,10,False
2019-11-05 17:31:12.863,HOM,02,RA37,2019-11-05 17:31:47.726,34.863,22,False
2019-11-05 17:31:13.460,KOB,13,GA45,2019-11-05 17:31:33.183,19.723,10,False
2019-11-05 17:31:13.859,DIH,09,GA19,2019-11-05 17:31:34.578,20.719,10,False
2019-11-05 17:31:14.655,MOK,32B,RA07,2019-11-05 17:31:37.167,22.512,7,False
2019-11-05 17:31:14.655,SKM,03,GA35,2019-11-05 17:31:36.570,21.915,8,False
2019-11-05 17:31:15.054,YAT,7007,GA42,2019-11-05 17:31:50.316,35.262,32,False
2019-11-05 17:31:16.050,HOM,09,GA36,2019-11-05 17:32:31.754,75.704,8,False
2019-11-05 17:31:16.449,LAT,6112,RA41,2019-11-05 17:31:57.091,40.642,31,False
2019-11-05 17:31:17.245,YAT,7001,GA16,2019-11-05 17:31:58.285,41.04,30,False
2019-11-05 17:31:17.644,KWT,6016,QA13,2019-11-05 17:31:41.949,24.305,10,False
2019-11-05 17:31:18.441,DIH,08,QA10,2019-11-05 17:32:26.524,68.083,12,False
2019-11-05 17:31:18.608,CHH,17,GA18,2019-11-05 17:31:38.164,19.556,7,False
2019-11-05 17:31:18.986,YMT,34,QA06,2019-11-05 17:31:41.087,22.101,4,False
2019-11-05 17:31:19.637,SKM,19,GA01,2019-11-05 17:31:34.579,14.942,5,False
2019-11-05 17:31:20.235,WTS,10,RA09,2019-11-05 17:32:37.531,77.296,65,True
2019-11-05 17:31:20.831,KOT,13,GA46,2019-11-05 17:31:38.562,17.731,8,False
2019-11-05 17:31:21.429,CHH,04,RA11,2019-11-05 17:31:44.085,22.656,11,False
2019-11-05 17:31:21.628,NTK,06,RA12,2019-11-05 17:32:31.156,69.528,52,True
2019-11-05 17:31:21.827,MOK,34A,RA07,2019-11-05 17:31:43.543,21.716,7,False
2019-11-05 17:31:23.036,LAT,6105,GA44,2019-11-05 17:32:38.129,75.093,64,True
2019-11-05 17:31:23.222,TIK,7102,QA14,2019-11-05 17:31:41.351,18.129,23,False
2019-11-05 17:31:23.223,YMT,36,QA06,2019-11-05 17:31:50.112,26.889,6,False
2019-11-05 17:31:23.411,SKM,05,GA35,2019-11-05 17:31:45.734,22.323,8,False
2019-11-05 17:31:23.620,KOB,08,QA40,2019-11-05 17:32:38.529,74.909,13,False
2019-11-05 17:31:23.820,KOB,15,GA45,2019-11-05 17:31:40.554,16.734,7,False
2019-11-05 17:31:24.035,CHH,01,GA19,2019-11-05 17:31:41.550,17.515,6,False
2019-11-05 17:31:24.617,HOM,11,GA36,2019-11-05 17:32:41.117,76.5,57,True
2019-11-05 17:31:25.419,SKM,21,GA01,2019-11-05 17:31:40.108,14.689,6,False
2019-11-05 17:31:26.011,SKM,14,QA38,2019-11-05 17:31:50.112,24.101,8,False
2019-11-05 17:31:26.012,CHH,19,GA18,2019-11-05 17:31:46.137,20.125,7,False
2019-11-05 17:31:28.146,KOT,12,RA08,2019-11-05 17:31:53.105,24.959,14,False
2019-11-05 17:31:28.402,KWT,6014,QA13,2019-11-05 17:31:52.308,23.906,10,False
2019-11-05 17:31:28.999,KOT,15,GA46,2019-11-05 17:31:46.730,17.731,6,False
2019-11-05 17:31:29.199,MOK,34B,RA07,2019-11-05 17:31:48.672,19.473,6,False
2019-11-05 17:31:29.398,YMT,38,QA06,2019-11-05 17:31:57.687,28.289,5,False
2019-11-05 17:31:30.195,CHH,03,GA19,2019-11-05 17:31:46.730,16.535,4,False
2019-11-05 17:31:30.594,DIH,10,QA10,2019-11-05 17:32:36.137,65.543,52,True
2019-11-05 17:31:31.390,NTK,01,GA45,2019-11-05 17:31:46.730,15.34,5,False
2019-11-05 17:31:31.789,KOT,01,GA01,2019-11-05 17:31:46.137,14.348,6,False
2019-11-05 17:31:31.789,SKM,07,GA35,2019-11-05 17:31:54.100,22.311,8,False
2019-11-05 17:31:32.786,CHH,06,RA11,2019-11-05 17:31:53.703,20.917,8,False
2019-11-05 17:31:33.980,CHH,21,GA18,2019-11-05 17:31:54.100,20.12,8,False
2019-11-05 17:31:34.378,SKM,16,QA38,2019-11-05 17:31:55.640,21.262,5,False
2019-11-05 17:31:34.946,YMT,40,QA06,2019-11-05 17:32:57.653,82.707,65,True
2019-11-05 17:31:34.947,LOF,11,GA20,2019-11-05 17:31:54.633,19.686,10,False
2019-11-05 17:31:34.976,CHH,05,GA19,2019-11-05 17:31:52.674,17.698,5,False
2019-11-05 17:31:35.176,HOM,04,RA37,2019-11-05 17:32:04.461,29.285,15,False
2019-11-05 17:31:35.375,LOF,01,GA46,2019-11-05 17:31:55.097,19.722,7,False
2019-11-05 17:31:36.171,MOK,36,RA07,2019-11-05 17:32:07.621,31.45,12,False
2019-11-05 17:31:36.968,KOB,10,QA40,2019-11-05 17:32:50.082,73.114,59,True
2019-11-05 17:31:36.969,NTK,03,GA45,2019-11-05 17:31:48.673,11.704,2,False
2019-11-05 17:31:38.165,KOT,03,GA01,2019-11-05 17:31:52.675,14.51,5,False
2019-11-05 17:31:39.151,NTK,05,GA45,2019-11-05 17:31:56.676,17.525,7,False
2019-11-05 17:31:39.152,KWT,6012,QA13,2019-11-05 17:32:04.208,25.056,9,False
2019-11-05 17:31:39.758,SKM,18,QA38,2019-11-05 17:32:06.254,26.496,12,False
2019-11-05 17:31:40.355,SKM,09,GA35,2019-11-05 17:31:58.086,17.731,4,False
2019-11-05 17:31:40.355,CHH,07,GA19,2019-11-05 17:31:55.639,15.284,3,False
2019-11-05 17:31:40.954,CHH,08,RA11,2019-11-05 17:32:04.208,23.254,4,False
2019-11-05 17:31:41.949,MOK,39,GA02,2019-11-05 17:32:02.668,20.719,6,False
2019-11-05 17:31:42.148,KOT,14,RA08,2019-11-05 17:32:02.070,19.922,8,False
2019-11-05 17:31:42.347,KOB,01,GA18,2019-11-05 17:32:02.070,19.723,7,False
2019-11-05 17:31:43.343,LOF,03,GA46,2019-11-05 17:32:03.066,19.723,7,False
2019-11-05 17:31:43.937,CHH,09B,GA19,2019-11-05 17:32:12.603,28.666,8,False
2019-11-05 17:31:44.085,KOT,05,GA01,2019-11-05 17:31:59.679,15.594,5,False
2019-11-05 17:31:44.085,HOM,14,QA05,2019-11-05 17:32:07.459,23.374,9,False
2019-11-05 17:31:44.739,SKM,11,GA35,2019-11-05 17:32:07.049,22.31,4,False
2019-11-05 17:31:45.337,LOF,13,GA20,2019-11-05 17:32:03.066,17.729,9,False
2019-11-05 17:31:45.735,CHH,10,RA11,2019-11-05 17:33:20.563,94.828,78,True
2019-11-05 17:31:46.531,NTK,07,GA45,2019-11-05 17:32:09.599,23.068,8,False
2019-11-05 17:31:47.130,YAT,7012,QA14,2019-11-05 17:32:02.258,15.128,7,False
2019-11-05 17:31:47.328,YAT,7003A,GA16,2019-11-05 17:32:50.283,62.955,0,False
2019-11-05 17:31:47.502,YAT,7009,GA42,2019-11-05 17:32:06.254,18.752,10,False
2019-11-05 17:31:47.726,LAT,6110,RA41,2019-11-05 17:32:16.196,28.47,15,False
2019-11-05 17:31:47.925,YAT,7003B,GA16,2019-11-05 17:32:54.267,66.342,3,False
2019-11-05 17:31:48.325,MOK,41,GA02,2019-11-05 17:32:07.048,18.723,6,False
2019-11-05 17:31:48.922,MOK,38,RA07,2019-11-05 17:33:11.599,82.677,10,False
2019-11-05 17:31:49.121,KWT,6010,QA13,2019-11-05 17:32:20.200,31.079,10,False
2019-11-05 17:31:49.489,SKM,13,GA35,2019-11-05 17:33:03.231,73.742,57,True
2019-11-05 17:31:49.519,KOT,07,GA01,2019-11-05 17:32:13.027,23.508,6,False
2019-11-05 17:31:49.918,KOB,03,GA18,2019-11-05 17:32:09.599,19.681,8,False
2019-11-05 17:31:50.516,LOF,05,GA46,2019-11-05 17:32:16.195,25.679,8,False
2019-11-05 17:31:50.516,KOT,16,RA08,2019-11-05 17:32:11.633,21.117,9,False
2019-11-05 17:31:50.914,HOM,06,RA37,2019-11-05 17:32:27.523,36.609,20,False
2019-11-05 17:31:51.510,YAT,7003C,GA16,2019-11-05 17:32:58.250,66.74,2,False
2019-11-05 17:31:52.508,SKM,20,QA38,2019-11-05 17:32:20.599,28.091,12,False
2019-11-05 17:31:52.508,CHH,11,GA19,2019-11-05 17:33:14.188,81.68,66,True
2019-11-05 17:31:53.305,HOM,16,QA05,2019-11-05 17:32:10.238,16.933,3,False
2019-11-05 17:31:53.902,YAT,7003D,GA16,2019-11-05 17:33:00.243,66.341,55,True
2019-11-05 17:31:54.301,YAT,7010,QA14,2019-11-05 17:32:20.199,25.898,14,False
2019-11-05 17:31:54.501,MOK,43,GA02,2019-11-05 17:32:12.031,17.53,4,False
2019-11-05 17:31:54.699,WTS,01,GA20,2019-11-05 17:32:12.603,17.904,8,False
2019-11-05 17:31:55.297,NTK,09,GA45,2019-11-05 17:33:09.208,73.911,9,False
2019-11-05 17:31:56.094,KOT,09,GA01,2019-11-05 17:33:12.594,76.5,60,True
2019-11-05 17:31:57.090,HOM,18,QA05,2019-11-05 17:32:14.223,17.133,3,False
2019-11-05 17:31:57.886,TIK,7101,GA42,2019-11-05 17:32:38.129,40.243,30,False
2019-11-05 17:31:58.484,LOF,12,QA39,2019-11-05 17:32:24.821,26.337,14,False
2019-11-05 17:31:58.485,KOB,05,GA18,2019-11-05 17:32:19.203,20.718,10,False
2019-11-05 17:31:58.883,MOK,45,GA02,2019-11-05 17:32:31.156,32.273,12,False
2019-11-05 17:31:59.033,LOF,07,GA46,2019-11-05 17:33:11.184,72.151,11,False
2019-11-05 17:31:59.281,KWT,6008,QA13,2019-11-05 17:33:16.180,76.899,58,True
2019-11-05 17:31:59.480,MOK,40,RA07,2019-11-05 17:33:18.571,79.091,63,True
2019-11-05 17:31:59.879,SKM,02,RA08,2019-11-05 17:32:20.599,20.72,8,False
2019-11-05 17:32:01.074,HOM,20,QA05,2019-11-05 17:32:25.977,24.903,,False
2019-11-05 17:32:02.668,HOM,20,GA05,2019-11-05 17:32:25.977,23.309,11,False
2019-11-05 17:32:03.265,WTS,03,GA20,2019-11-05 17:32:29.164,25.899,5,False
2019-11-05 17:32:03.664,LAT,6108,RA41,2019-11-05 17:32:30.160,26.496,4,False
2019-11-05 17:32:04.916,SKM,22A,QA38,2019-11-05 17:32:26.524,21.608,2,False
2019-11-05 17:32:05.259,NTK,11,GA45,2019-11-05 17:33:18.571,73.312,61,True
2019-11-05 17:32:07.251,SKM,22B,QA38,2019-11-05 17:33:20.564,73.313,4,False
2019-11-05 17:32:07.849,LAT,6106,RA41,2019-11-05 17:33:21.360,73.511,8,False
2019-11-05 17:32:08.047,SKM,04,RA08,2019-11-05 17:32:29.564,21.517,9,False
2019-11-05 17:32:08.590,YAT,7008,QA14,2019-11-05 17:32:35.539,26.949,10,False
2019-11-05 17:32:09.044,WTS,05,GA20,2019-11-05 17:33:32.677,83.633,68,True
2019-11-05 17:32:09.194,KOB,07,GA18,2019-11-05 17:32:38.129,28.935,10,False
2019-11-05 17:32:09.599,KWT,6009,GA17,2019-11-05 17:32:32.469,22.87,8,False
2019-11-05 17:32:10.007,YMT,37,GA03,2019-11-05 17:32:30.160,20.153,5,False
2019-11-05 17:32:10.239,LOF,09,GA46,2019-11-05 17:33:20.563,70.324,59,True
2019-11-05 17:32:11.234,HOM,08,RA37,2019-11-05 17:33:04.228,52.994,29,False
2019-11-05 17:32:11.434,MOK,47,GA02,2019-11-05 17:33:44.072,92.638,75,True
2019-11-05 17:32:12.230,SKM,22C,QA38,2019-11-05 17:33:26.141,73.911,5,False
2019-11-05 17:32:12.629,LOF,14,QA39,2019-11-05 17:32:34.543,21.914,10,False
2019-11-05 17:32:13.824,WHA,02,GA05,2019-11-05 17:32:33.149,19.325,6,False
2019-11-05 17:32:14.223,NTK,08,RA12,2019-11-05 17:32:42.711,28.488,14,False
2019-11-05 17:32:15.816,YMT,39,GA03,2019-11-05 17:32:36.535,20.719,7,False
2019-11-05 17:32:16.215,LAT,6104,RA41,2019-11-05 17:33:28.333,72.118,61,True
2019-11-05 17:32:17.211,SKM,06,RA08,2019-11-05 17:32:38.529,21.318,8,False
2019-11-05 17:32:17.610,MOK,32A,QA38,2019-11-05 17:33:32.676,75.066,57,True
2019-11-05 17:32:17.610,KWT,6011,GA17,2019-11-05 17:32:37.332,19.722,5,False
2019-11-05 17:32:19.402,YAT,7006C,QA14,2019-11-05 17:33:51.244,91.842,8,False
2019-11-05 17:32:19.801,KOB,09,GA18,2019-11-05 17:33:36.620,76.819,62,True
2019-11-05 17:32:20.398,WHA,04,GA05,2019-11-05 17:32:46.496,26.098,7,False
2019-11-05 17:32:21.992,HOM,13,GA36,2019-11-05 17:32:45.102,23.11,6,False
2019-11-05 17:32:22.988,KOT,02,QA39,2019-11-05 17:32:43.665,20.677,9,False
2019-11-05 17:32:22.989,DIH,12,QA10,2019-11-05 17:32:46.689,23.7,11,False
2019-11-05 17:32:23.387,KWT,6013,GA17,2019-11-05 17:32:47.493,24.106,9,False
2019-11-05 17:32:23.388,YMT,41,GA03,2019-11-05 17:32:45.700,22.312,9,False
2019-11-05 17:32:25.578,SKM,08,RA08,2019-11-05 17:32:52.672,27.094,8,False
2019-11-05 17:32:25.978,WTS,12,RA09,2019-11-05 17:32:46.099,20.121,9,False
2019-11-05 17:32:27.570,WHA,06,GA05,2019-11-05 17:34:37.462,129.892,110,True
2019-11-05 17:32:27.770,LAT,6107,GA44,2019-11-05 17:32:44.305,16.535,5,False
2019-11-05 17:32:27.771,YAT,7006B,QA14,2019-11-05 17:33:57.419,89.648,3,False
2019-11-05 17:32:28.169,TIK,7103,GA42,2019-11-05 17:32:49.286,21.117,14,False
2019-11-05 17:32:28.442,HOM,15,GA36,2019-11-05 17:32:56.857,28.415,14,False
2019-11-05 17:32:29.164,NTK,10,RA12,2019-11-05 17:32:54.067,24.903,11,False
2019-11-05 17:32:31.555,YAT,7006A,QA14,2019-11-05 17:34:02.200,90.645,77,True
2019-11-05 17:32:32.551,KOT,04,QA39,2019-11-05 17:32:52.672,20.121,8,False
2019-11-05 17:32:32.750,KWT,6015,GA17,2019-11-05 17:33:00.443,27.693,16,False
2019-11-05 17:32:33.348,MOK,31,GA03,2019-11-05 17:32:54.067,20.719,8,False
2019-11-05 17:32:33.548,LAT,6109,GA44,2019-11-05 17:33:10.205,36.657,29,False
2019-11-05 17:32:34.344,SKM,10,RA08,2019-11-05 17:33:46.661,72.317,10,False
2019-11-05 17:32:34.943,WTS,02,QA10,2019-11-05 17:32:56.059,21.116,8,False
2019-11-05 17:32:35.340,WTS,14,RA09,2019-11-05 17:32:53.071,17.731,8,False
2019-11-05 17:32:36.137,KOB,12,QA40,2019-11-05 17:33:02.180,26.043,13,False
2019-11-05 17:32:40.520,YMT,42,QA06,2019-11-05 17:33:01.571,21.051,8,False
2019-11-05 17:32:40.673,NTK,12,RA12,2019-11-05 17:32:58.051,17.378,3,False
2019-11-05 17:32:40.719,HOM,10,RA37,2019-11-05 17:33:58.415,77.696,9,False
2019-11-05 17:32:41.118,KOT,06,QA39,2019-11-05 17:33:07.614,26.496,6,False
2019-11-05 17:32:41.517,MOK,33,GA03,2019-11-05 17:33:09.208,27.691,8,False
2019-11-05 17:32:42.910,TIK,7105,GA42,2019-11-05 17:32:56.258,13.348,6,False
2019-11-05 17:32:43.110,HOM,17,GA36,2019-11-05 17:33:16.574,33.464,22,False
2019-11-05 17:32:43.665,LOF,02,RA09,2019-11-05 17:33:01.571,17.906,5,False
2019-11-05 17:32:43.707,WTS,04,QA10,2019-11-05 17:33:06.618,22.911,7,False
2019-11-05 17:32:44.504,NTK,14,RA12,2019-11-05 17:33:05.622,21.118,7,False
2019-11-05 17:32:45.301,SKM,12,RA08,2019-11-05 17:33:59.212,73.911,58,True
2019-11-05 17:32:46.297,HOM,05,GA04,2019-11-05 17:33:11.598,25.301,9,False
2019-11-05 17:32:47.463,SKM,15,GA35,2019-11-05 17:33:11.184,23.721,13,False
2019-11-05 17:32:47.891,KOT,08,QA39,2019-11-05 17:34:26.665,98.774,12,False
2019-11-05 17:32:49.076,YMT,44,QA06,2019-11-05 17:33:12.595,23.519,12,False
2019-11-05 17:32:49.086,LOF,04,RA09,2019-11-05 17:33:11.184,22.098,8,False
2019-11-05 17:32:49.286,KOB,14,QA40,2019-11-05 17:33:14.188,24.902,10,False
2019-11-05 17:32:49.684,LAT,6101,GA17,2019-11-05 17:33:04.227,14.543,2,False
2019-11-05 17:32:49.684,YAT,7005,GA16,2019-11-05 17:33:06.219,16.535,12,False
2019-11-05 17:32:49.685,TIK,7107,GA42,2019-11-05 17:33:05.223,15.538,1,False
2019-11-05 17:32:50.282,HOM,12,RA37,2019-11-05 17:34:06.384,76.102,57,True
2019-11-05 17:32:50.282,MOK,35,GA03,2019-11-05 17:33:59.560,69.278,10,False
2019-11-05 17:32:51.079,TIK,7109A,GA42,2019-11-05 17:34:18.139,87.06,11,False
2019-11-05 17:32:51.278,WTS,06,QA10,2019-11-05 17:33:21.560,30.282,10,False
2019-11-05 17:32:51.875,LAT,6103,GA17,2019-11-05 17:33:26.329,34.454,13,False
2019-11-05 17:32:52.274,KOB,02,RA12,2019-11-05 17:33:17.576,25.302,11,False
2019-11-05 17:32:55.461,HOM,07,GA04,2019-11-05 17:33:20.702,25.241,5,False
2019-11-05 17:32:56.457,KOT,11,GA01,2019-11-05 17:33:21.161,24.704,15,False
2019-11-05 17:32:57.254,LOF,06,RA09,2019-11-05 17:33:28.113,30.859,10,False
2019-11-05 17:32:57.653,KWT,6006,QA13,2019-11-05 17:33:22.295,24.642,7,False
2019-11-05 17:32:59.446,CHH,13A,GA19,2019-11-05 17:33:24.074,24.628,13,False
2019-11-05 17:32:59.645,KOB,16,QA40,2019-11-05 17:33:25.544,25.899,13,False
2019-11-05 17:33:00.043,KOT,10,QA39,2019-11-05 17:34:36.666,96.623,83,True
2019-11-05 17:33:00.642,MOK,37,GA03,2019-11-05 17:34:04.193,63.551,48,True
2019-11-05 17:33:01.240,HOM,09,GA04,2019-11-05 17:34:28.298,87.058,7,False
2019-11-05 17:33:01.438,WTS,08,QA10,2019-11-05 17:34:45.646,104.208,13,False
2019-11-05 17:33:01.438,SKM,17,GA35,2019-11-05 17:33:19.170,17.732,9,False
2019-11-05 17:33:01.571,HOM,02,QA06,2019-11-05 17:33:35.107,33.536,21,False
2019-11-05 17:33:02.180,YAT,7007,GA16,2019-11-05 17:33:30.126,27.946,20,False
2019-11-05 17:33:02.180,TIK,7109B,GA42,2019-11-05 17:34:22.625,80.445,0,False
2019-11-05 17:33:02.633,YAT,7001,GA44,2019-11-05 17:33:38.294,35.661,17,False
2019-11-05 17:33:02.709,TIK,7109C,GA42,2019-11-05 17:34:30.291,87.582,70,True
2019-11-05 17:33:03.032,MOK,42,RA07,2019-11-05 17:33:25.544,22.512,7,False
2019-11-05 17:33:03.841,CHH,12,RA11,2019-11-05 17:33:26.541,22.7,9,False
2019-11-05 17:33:04.029,KOB,04,RA12,2019-11-05 17:33:30.126,26.097,12,False
2019-11-05 17:33:05.024,KWT,6004,QA13,2019-11-05 17:33:27.648,22.624,6,False
2019-11-05 17:33:05.223,HOM,19,GA36,2019-11-05 17:33:38.456,33.233,22,False
2019-11-05 17:33:05.622,LAT,6105,GA17,2019-11-05 17:34:22.123,76.501,63,True
2019-11-05 17:33:06.618,NTK,13,GA45,2019-11-05 17:33:27.648,21.03,10,False
2019-11-05 17:33:07.415,LOF,08,RA09,2019-11-05 17:34:34.076,86.661,14,False
2019-11-05 17:33:08.772,HOM,11,GA04,2019-11-05 17:34:37.662,88.89,69,True
2019-11-05 17:33:09.407,LOF,11,GA46,2019-11-05 17:33:32.676,23.269,11,False
2019-11-05 17:33:11.002,MOK,44,RA07,2019-11-05 17:33:31.122,20.12,4,False
2019-11-05 17:33:11.184,SKM,19,GA35,2019-11-05 17:33:26.141,14.957,5,False
2019-11-05 17:33:11.797,KWT,6002,QA13,2019-11-05 17:33:40.287,28.49,14,False
2019-11-05 17:33:11.798,KOT,13,GA01,2019-11-05 17:33:29.081,17.283,7,False
2019-11-05 17:33:13.192,CHH,15,GA19,2019-11-05 17:33:31.720,18.528,7,False
2019-11-05 17:33:13.391,CHH,14,RA11,2019-11-05 17:33:32.676,19.285,6,False
2019-11-05 17:33:13.590,CHH,02,QA40,2019-11-05 17:33:38.692,25.102,14,False
2019-11-05 17:33:14.717,MOK,32B,QA38,2019-11-05 17:33:37.099,22.382,7,False
2019-11-05 17:33:15.383,WTS,10,QA10,2019-11-05 17:34:54.595,99.212,87,True
2019-11-05 17:33:15.783,MOK,46,RA07,2019-11-05 17:33:40.674,24.891,10,False
2019-11-05 17:33:16.180,KOB,06,RA12,2019-11-05 17:33:46.063,29.883,11,False
2019-11-05 17:33:16.573,SKM,21,GA35,2019-11-05 17:33:31.122,14.549,6,False
2019-11-05 17:33:16.977,NTK,15,GA45,2019-11-05 17:33:37.696,20.719,9,False
2019-11-05 17:33:17.774,WTS,07,GA20,2019-11-05 17:33:41.083,23.309,14,False
2019-11-05 17:33:17.973,LAT,6102,RA41,2019-11-05 17:33:34.111,16.138,2,False
2019-11-05 17:33:17.973,TIK,7110,RA15,2019-11-05 17:33:38.294,20.321,9,False
2019-11-05 17:33:19.766,CHH,16,RA11,2019-11-05 17:33:36.501,16.735,4,False
2019-11-05 17:33:19.766,KOT,15,GA01,2019-11-05 17:33:36.103,16.337,7,False
2019-11-05 17:33:19.966,YAT,7003A,GA44,2019-11-05 17:34:27.104,67.138,7,False
2019-11-05 17:33:20.364,CHH,17,GA19,2019-11-05 17:33:38.692,18.328,7,False
2019-11-05 17:33:20.365,KWT,6016,RA41,2019-11-05 17:33:46.662,26.297,11,False
2019-11-05 17:33:20.564,LOF,13,GA46,2019-11-05 17:33:45.629,25.065,10,False
2019-11-05 17:33:21.760,LOF,10,RA09,2019-11-05 17:34:43.648,81.888,70,True
2019-11-05 17:33:21.958,KOB,11,GA18,2019-11-05 17:33:46.661,24.703,13,False
2019-11-05 17:33:22.295,MOK,34A,QA38,2019-11-05 17:33:43.075,20.78,6,False
2019-11-05 17:33:22.755,YAT,7009,GA16,2019-11-05 17:33:44.271,21.516,13,False
2019-11-05 17:33:22.756,KOT,01,GA35,2019-11-05 17:33:37.696,14.94,6,False
2019-11-05 17:33:23.352,HOM,04,QA06,2019-11-05 17:33:49.849,26.497,14,False
2019-11-05 17:33:23.950,CHH,18,RA11,2019-11-05 17:33:40.674,16.724,3,False
2019-11-05 17:33:26.141,NTK,02,QA13,2019-11-05 17:33:49.649,23.508,11,False
2019-11-05 17:33:26.540,KWT,6001,GA45,2019-11-05 17:33:48.830,22.29,7,False
2019-11-05 17:33:26.739,YMT,32,RA07,2019-11-05 17:33:49.649,22.91,7,False
2019-11-05 17:33:26.938,SKM,01,GA02,2019-11-05 17:33:52.638,25.7,11,False
2019-11-05 17:33:26.939,LOF,01,GA01,2019-11-05 17:33:43.075,16.136,5,False
2019-11-05 17:33:27.138,TIK,7108,RA15,2019-11-05 17:33:46.183,19.045,8,False
2019-11-05 17:33:27.337,YAT,7003B,GA44,2019-11-05 17:34:32.283,64.946,1,False
2019-11-05 17:33:27.338,HOM,21,GA36,2019-11-05 17:34:01.803,34.465,21,False
2019-11-05 17:33:27.648,CHH,19,GA19,2019-11-05 17:33:45.068,17.42,6,False
2019-11-05 17:33:27.934,CHH,20,RA11,2019-11-05 17:33:45.629,17.695,5,False
2019-11-05 17:33:27.934,KOB,08,RA12,2019-11-05 17:34:42.045,74.111,13,False
2019-11-05 17:33:28.532,MOK,34B,QA38,2019-11-05 17:33:48.509,19.977,7,False
2019-11-05 17:33:28.532,CHH,04,QA40,2019-11-05 17:33:52.040,23.508,12,False
2019-11-05 17:33:29.130,YAT,7003C,GA44,2019-11-05 17:34:34.214,65.084,7,False
2019-11-05 17:33:29.330,KOT,03,GA35,2019-11-05 17:33:44.072,14.742,5,False
2019-11-05 17:33:31.322,WTS,01,GA46,2019-11-05 17:33:56.595,25.273,14,False
2019-11-05 17:33:31.919,KWT,6014,RA41,2019-11-05 17:33:57.818,25.899,11,False
2019-11-05 17:33:31.920,WTS,09,GA20,2019-11-05 17:33:49.649,17.729,8,False
2019-11-05 17:33:32.516,LOF,03,GA01,2019-11-05 17:33:50.589,18.073,6,False
2019-11-05 17:33:33.514,DIH,02,RA11,2019-11-05 17:33:55.028,21.514,8,False
2019-11-05 17:33:33.969,KWT,6003,GA45,2019-11-05 17:33:54.244,20.275,5,False
2019-11-05 17:33:34.509,YMT,34,RA07,2019-11-05 17:33:51.044,16.535,2,False
2019-11-05 17:33:34.509,KOT,05,GA35,2019-11-05 17:33:50.589,16.08,5,False
2019-11-05 17:33:34.510,CHH,21,GA19,2019-11-05 17:33:52.040,17.53,7,False
2019-11-05 17:33:35.704,MOK,36,QA38,2019-11-05 17:34:08.572,32.868,13,False
2019-11-05 17:33:35.903,KOB,13,GA18,2019-11-05 17:33:55.579,19.676,9,False
2019-11-05 17:33:36.102,TIK,7106,RA15,2019-11-05 17:34:06.185,30.083,21,False
2019-11-05 17:33:36.302,YAT,7003D,GA44,2019-11-05 17:34:38.260,61.958,46,True
2019-11-05 17:33:36.501,TIK,7101,GA16,2019-11-05 17:34:18.139,41.638,32,False
2019-11-05 17:33:37.099,YMT,36,RA07,2019-11-05 17:34:00.208,23.109,4,False
2019-11-05 17:33:37.298,NTK,04,QA13,2019-11-05 17:34:04.990,27.692,10,False
2019-11-05 17:33:38.294,HOM,06,QA06,2019-11-05 17:34:12.361,34.067,19,False
2019-11-05 17:33:38.456,SKM,03,GA02,2019-11-05 17:34:01.204,22.748,9,False
2019-11-05 17:33:38.892,LOF,05,GA01,2019-11-05 17:34:03.595,24.703,8,False
2019-11-05 17:33:39.091,KWT,6005,GA45,2019-11-05 17:34:05.388,26.297,6,False
2019-11-05 17:33:40.286,KOT,07,GA35,2019-11-05 17:34:04.193,23.907,6,False
2019-11-05 17:33:40.286,WTS,11,GA20,2019-11-05 17:33:57.818,17.532,8,False
2019-11-05 17:33:40.675,CHH,06,QA40,2019-11-05 17:34:02.200,21.525,8,False
2019-11-05 17:33:41.283,KOB,10,RA12,2019-11-05 17:34:53.600,72.317,58,True
2019-11-05 17:33:41.880,YMT,38,RA07,2019-11-05 17:34:09.151,27.271,3,False
2019-11-05 17:33:41.881,DIH,04,RA11,2019-11-05 17:34:03.595,21.714,8,False
2019-11-05 17:33:42.073,KOB,01,GA19,2019-11-05 17:33:59.212,17.139,6,False
2019-11-05 17:33:43.275,KWT,6012,RA41,2019-11-05 17:34:09.970,26.695,11,False
2019-11-05 17:33:43.474,SKM,14,RA08,2019-11-05 17:34:07.181,23.707,8,False
2019-11-05 17:33:45.267,KWT,6007,GA45,2019-11-05 17:35:06.698,81.431,62,True
2019-11-05 17:33:45.268,KOB,15,GA18,2019-11-05 17:34:03.196,17.928,8,False
2019-11-05 17:33:45.665,YMT,40,RA07,2019-11-05 17:35:04.158,78.493,62,True
2019-11-05 17:33:46.027,WTS,03,GA46,2019-11-05 17:34:12.561,26.534,7,False
2019-11-05 17:33:47.259,KOT,09,GA35,2019-11-05 17:35:13.119,85.86,70,True
2019-11-05 17:33:47.658,LOF,07,GA01,2019-11-05 17:34:58.181,70.523,10,False
2019-11-05 17:33:47.857,NTK,06,QA13,2019-11-05 17:35:00.130,72.273,56,True
2019-11-05 17:33:48.057,HOM,14,RA37,2019-11-05 17:34:13.158,25.101,6,False
2019-11-05 17:33:48.320,SKM,05,GA02,2019-11-05 17:34:10.169,21.849,8,False
2019-11-05 17:33:48.653,DIH,01,GA20,2019-11-05 17:34:10.568,21.915,5,False
2019-11-05 17:33:48.830,YMT,31,GA36,2019-11-05 17:34:13.557,24.727,11,False
2019-11-05 17:33:49.053,KOB,03,GA19,2019-11-05 17:34:06.096,17.043,6,False
2019-11-05 17:33:49.252,YAT,7004,QA14,2019-11-05 17:34:06.186,16.934,5,False
2019-11-05 17:33:49.450,MOK,39,GA03,2019-11-05 17:34:10.169,20.719,6,False
2019-11-05 17:33:49.649,MOK,38,QA38,2019-11-05 17:35:03.162,73.513,10,False
2019-11-05 17:33:49.649,CHH,08,QA40,2019-11-05 17:34:13.158,23.509,4,False
2019-11-05 17:33:50.048,DIH,06,RA11,2019-11-05 17:34:22.653,32.605,12,False
2019-11-05 17:33:52.041,SKM,16,RA08,2019-11-05 17:34:12.561,20.52,5,False
2019-11-05 17:33:53.435,WTS,05,GA46,2019-11-05 17:35:18.501,85.066,70,True
2019-11-05 17:33:53.833,CHH,10,QA40,2019-11-05 17:35:07.119,73.286,56,True
2019-11-05 17:33:54.192,NTK,01,GA18,2019-11-05 17:34:08.572,14.38,5,False
2019-11-05 17:33:54.622,KWT,6010,RA41,2019-11-05 17:34:25.509,30.887,10,False
2019-11-05 17:33:54.622,DIH,03,GA20,2019-11-05 17:35:03.560,68.938,10,False
2019-11-05 17:33:54.630,YAT,7002,QA14,2019-11-05 17:34:13.358,18.728,8,False
2019-11-05 17:33:55.028,HOM,22,RA37,2019-11-05 17:34:20.430,25.402,5,False
2019-11-05 17:33:55.825,MOK,41,GA03,2019-11-05 17:34:14.553,18.728,5,False
2019-11-05 17:33:56.025,KOB,05,GA19,2019-11-05 17:34:15.747,19.722,9,False
2019-11-05 17:33:56.423,SKM,07,GA02,2019-11-05 17:34:18.499,22.076,9,False
2019-11-05 17:33:57.220,TIK,7104,RA15,2019-11-05 17:34:18.139,20.919,11,False
2019-11-05 17:33:57.819,HOM,08,QA06,2019-11-05 17:34:51.408,53.589,26,False
2019-11-05 17:33:58.017,SKM,18,RA08,2019-11-05 17:34:22.122,24.105,11,False
2019-11-05 17:33:58.150,LOF,09,GA01,2019-11-05 17:35:07.544,69.394,58,True
2019-11-05 17:33:59.560,NTK,03,GA18,2019-11-05 17:34:11.165,11.605,2,False
2019-11-05 17:34:00.209,YMT,33,GA36,2019-11-05 17:34:23.518,23.309,5,False
2019-11-05 17:34:00.407,MOK,40,QA38,2019-11-05 17:35:10.532,70.125,53,True
2019-11-05 17:34:01.006,HOM,05,RA37,2019-11-05 17:34:29.886,28.88,3,False
2019-11-05 17:34:01.521,MOK,43,GA03,2019-11-05 17:34:19.534,18.013,4,False
2019-11-05 17:34:01.603,NTK,05,GA18,2019-11-05 17:34:19.134,17.531,7,False
2019-11-05 17:34:02.600,DIH,08,RA11,2019-11-05 17:35:14.118,71.518,11,False
2019-11-05 17:34:02.799,LAT,6112,QA14,2019-11-05 17:34:46.208,43.409,27,False
2019-11-05 17:34:04.551,HOM,03,RA37,2019-11-05 17:37:40.337,215.786,,False
2019-11-05 17:34:04.698,DIH,05,GA20,2019-11-05 17:35:13.119,68.421,54,True
2019-11-05 17:34:04.790,KWT,6008,RA41,2019-11-05 17:35:22.029,77.239,59,True
2019-11-05 17:34:05.388,YMT,35,GA36,2019-11-05 17:35:27.061,81.673,64,True
2019-11-05 17:34:05.587,SKM,09,GA02,2019-11-05 17:34:23.120,17.533,3,False
2019-11-05 17:34:05.786,KOB,07,GA19,2019-11-05 17:34:35.072,29.286,10,False
2019-11-05 17:34:06.384,MOK,45,GA03,2019-11-05 17:34:38.657,32.273,11,False
2019-11-05 17:34:08.776,TIK,7103,GA16,2019-11-05 17:34:38.259,29.483,11,False
2019-11-05 17:34:08.974,LAT,6107,GA17,2019-11-05 17:34:30.291,21.317,8,False
2019-11-05 17:34:09.173,TIK,7102,RA15,2019-11-05 17:34:28.298,19.125,11,False
2019-11-05 17:34:09.372,NTK,07,GA18,2019-11-05 17:34:31.087,21.715,7,False
2019-11-05 17:34:09.572,HOM,03,GA37,2019-11-05 17:37:40.337,210.765,194,False
2019-11-05 17:34:09.572,SKM,11,GA02,2019-11-05 17:34:31.685,22.113,4,False
2019-11-05 17:34:09.771,SKM,20,RA08,2019-11-05 17:34:35.669,25.898,11,False
2019-11-05 17:34:13.357,TIK,7111,GA42,2019-11-05 17:34:36.211,22.854,7,False
2019-11-05 17:34:13.755,SKM,13,GA02,2019-11-05 17:35:29.258,75.503,59,True
2019-11-05 17:34:13.954,DIH,10,RA11,2019-11-05 17:35:23.083,69.129,56,True
2019-11-05 17:34:16.346,KOB,09,GA19,2019-11-05 17:35:51.170,94.824,80,True
2019-11-05 17:34:16.943,NTK,09,GA18,2019-11-05 17:35:27.660,70.717,10,False
2019-11-05 17:34:17.540,LAT,6109,GA17,2019-11-05 17:34:52.205,34.665,27,False
2019-11-05 17:34:17.939,MOK,47,GA03,2019-11-05 17:35:42.206,84.267,66,True
2019-11-05 17:34:18.498,HOM,13,GA04,2019-11-05 17:34:41.647,23.149,6,False
2019-11-05 17:34:18.499,WHA,04,GA05,2019-11-05 17:34:47.025,28.526,12,False
2019-11-05 17:34:20.429,YAT,7012,RA15,2019-11-05 17:34:49.217,28.788,20,False
2019-11-05 17:34:20.430,TIK,7105,GA16,2019-11-05 17:34:46.208,25.778,11,False
2019-11-05 17:34:20.927,TIK,7113,GA42,2019-11-05 17:34:50.213,29.286,15,False
2019-11-05 17:34:21.126,SKM,22A,RA08,2019-11-05 17:34:41.646,20.52,3,False
2019-11-05 17:34:22.919,YAT,7005,GA44,2019-11-05 17:34:43.240,20.321,13,False
2019-11-05 17:34:23.318,KOT,12,QA39,2019-11-05 17:34:48.619,25.301,13,False
2019-11-05 17:34:23.915,HOM,10,QA06,2019-11-05 17:35:50.573,86.658,12,False
2019-11-05 17:34:24.662,SKM,22B,RA08,2019-11-05 17:35:32.644,67.982,4,False
2019-11-05 17:34:25.111,HOM,15,GA04,2019-11-05 17:34:53.340,28.229,13,False
2019-11-05 17:34:27.302,NTK,11,GA18,2019-11-05 17:35:37.046,69.744,57,True
2019-11-05 17:34:28.685,SKM,22C,RA08,2019-11-05 17:35:38.222,69.537,4,False
2019-11-05 17:34:30.490,LAT,6110,QA14,2019-11-05 17:35:10.123,39.633,20,False
2019-11-05 17:34:31.486,TIK,7107,GA16,2019-11-05 17:34:56.189,24.703,6,False
2019-11-05 17:34:31.487,WHA,02,GA05,2019-11-05 17:34:56.550,25.063,9,False
2019-11-05 17:34:31.884,LOF,12,RA09,2019-11-05 17:34:54.136,22.252,11,False
2019-11-05 17:34:33.080,MOK,32A,RA08,2019-11-05 17:35:44.567,71.487,53,True
2019-11-05 17:34:36.068,YAT,7007,GA44,2019-11-05 17:35:10.123,34.055,23,False
2019-11-05 17:34:36.211,TIK,7115,GA42,2019-11-05 17:34:54.137,17.926,,False
2019-11-05 17:34:36.666,HOM,12,QA06,2019-11-05 17:35:58.143,81.477,63,True
2019-11-05 17:34:37.263,KOT,14,QA39,2019-11-05 17:34:58.181,20.918,9,False
2019-11-05 17:34:37.462,TIK,7115,QA42,2019-11-05 17:34:54.137,16.675,0,False
2019-11-05 17:34:37.861,TIK,7109A,GA16,2019-11-05 17:35:58.342,80.481,9,False
2019-11-05 17:34:38.060,TIK,7149,QA42,2019-11-05 17:35:01.306,23.246,3,False
2019-11-05 17:34:39.057,HOM,17,GA04,2019-11-05 17:35:13.321,34.264,22,False
2019-11-05 17:34:40.253,KOB,12,RA12,2019-11-05 17:35:05.553,25.3,12,False
2019-11-05 17:34:41.048,YAT,7010,RA15,2019-11-05 17:35:10.123,29.075,13,False
2019-11-05 17:34:41.248,HOM,20,GA05,2019-11-05 17:35:12.892,31.644,15,False
2019-11-05 17:34:41.448,TIK,7120,QA42,2019-11-05 17:35:08.286,26.838,3,False
2019-11-05 17:34:42.841,WTS,12,QA10,2019-11-05 17:35:03.560,20.719,10,False
2019-11-05 17:34:43.838,LOF,14,RA09,2019-11-05 17:35:03.560,19.722,9,False
2019-11-05 17:34:44.038,NTK,08,QA13,2019-11-05 17:35:11.130,27.092,14,False
2019-11-05 17:34:45.232,YAT,7001,GA17,2019-11-05 17:35:20.294,35.062,17,False
2019-11-05 17:34:45.232,TIK,7122,QA42,2019-11-05 17:35:45.194,59.962,51,False
2019-11-05 17:34:46.427,KOT,16,QA39,2019-11-05 17:35:07.119,20.692,8,False
2019-11-05 17:34:47.424,TIK,7109B,GA16,2019-11-05 17:36:04.120,76.696,3,False
2019-11-05 17:34:47.823,YMT,42,RA07,2019-11-05 17:35:08.540,20.717,8,False
2019-11-05 17:34:48.021,KWT,6009,GA45,2019-11-05 17:35:12.041,24.02,8,False
2019-11-05 17:34:50.013,CHH,12,QA40,2019-11-05 17:35:13.119,23.106,9,False
2019-11-05 17:34:50.611,LAT,6108,QA14,2019-11-05 17:35:24.277,33.666,11,False
2019-11-05 17:34:51.010,TIK,7109C,GA16,2019-11-05 17:36:11.092,80.082,70,True
2019-11-05 17:34:52.603,KOB,14,RA12,2019-11-05 17:35:17.489,24.886,10,False
2019-11-05 17:34:53.202,KOT,02,RA09,2019-11-05 17:35:12.041,18.839,8,False
2019-11-05 17:34:53.340,WTS,14,QA10,2019-11-05 17:35:11.130,17.79,7,False
2019-11-05 17:34:53.600,MOK,42,QA38,2019-11-05 17:35:17.489,23.889,9,False
2019-11-05 17:34:54.595,YAT,7008,RA15,2019-11-05 17:35:22.285,27.69,10,False
2019-11-05 17:34:55.193,SKM,02,QA39,2019-11-05 17:35:16.668,21.475,8,False
2019-11-05 17:34:56.190,YMT,44,RA07,2019-11-05 17:35:19.496,23.306,12,False
2019-11-05 17:34:56.551,KWT,6011,GA45,2019-11-05 17:35:18.301,21.75,6,False
2019-11-05 17:34:56.551,LOF,11,GA01,2019-11-05 17:35:19.496,22.945,10,False
2019-11-05 17:34:56.787,HOM,18,GA05,2019-11-05 17:35:18.301,21.514,4,False
2019-11-05 17:34:57.385,KOT,11,GA35,2019-11-05 17:35:22.086,24.701,15,False
2019-11-05 17:34:58.580,NTK,10,QA13,2019-11-05 17:35:22.086,23.506,10,False
2019-11-05 17:34:59.377,DIH,07,GA20,2019-11-05 17:35:21.073,21.696,8,False
2019-11-05 17:34:59.378,CHH,14,QA40,2019-11-05 17:35:19.496,20.118,6,False
2019-11-05 17:34:59.576,YAT,7009,GA44,2019-11-05 17:35:23.281,23.705,16,False
2019-11-05 17:35:00.572,LOF,02,QA10,2019-11-05 17:35:20.683,20.111,6,False
2019-11-05 17:35:01.517,KOT,04,RA09,2019-11-05 17:35:20.683,19.166,7,False
2019-11-05 17:35:01.517,HOM,19,GA04,2019-11-05 17:35:35.831,34.314,21,False
2019-11-05 17:35:01.568,HOM,22,GA05,2019-11-05 17:35:24.079,22.511,5,False
2019-11-05 17:35:02.536,LAT,6106,QA14,2019-11-05 17:36:10.095,67.559,9,False
2019-11-05 17:35:02.763,YAT,7003A,GA17,2019-11-05 17:36:08.104,65.341,9,False
2019-11-05 17:35:02.962,KWT,6013,GA45,2019-11-05 17:35:30.054,27.092,10,False
2019-11-05 17:35:02.963,MOK,44,QA38,2019-11-05 17:35:23.083,20.12,4,False
2019-11-05 17:35:03.163,KOB,16,RA12,2019-11-05 17:35:29.059,25.896,13,False
2019-11-05 17:35:03.492,SKM,04,QA39,2019-11-05 17:35:25.672,22.18,9,False
2019-11-05 17:35:04.158,WTS,07,GA46,2019-11-05 17:35:27.061,22.903,13,False
2019-11-05 17:35:04.357,KWT,6006,RA41,2019-11-05 17:35:28.262,23.905,7,False
2019-11-05 17:35:04.680,YAT,7006C,RA15,2019-11-05 17:36:22.247,77.567,7,False
2019-11-05 17:35:06.150,CHH,16,QA40,2019-11-05 17:35:24.079,17.929,4,False
2019-11-05 17:35:06.699,HOM,07,GA05,2019-11-05 17:35:32.445,25.746,6,False
2019-11-05 17:35:07.345,LOF,04,QA10,2019-11-05 17:35:31.648,24.303,7,False
2019-11-05 17:35:07.544,LOF,13,GA01,2019-11-05 17:35:32.644,25.1,11,False
2019-11-05 17:35:07.942,MOK,46,QA38,2019-11-05 17:35:33.046,25.104,11,False
2019-11-05 17:35:08.342,DIH,09,GA20,2019-11-05 17:35:29.656,21.314,10,False
2019-11-05 17:35:09.138,KOT,06,RA09,2019-11-05 17:35:35.234,26.096,7,False
2019-11-05 17:35:09.138,HOM,02,RA07,2019-11-05 17:35:43.203,34.065,22,False
2019-11-05 17:35:09.337,NTK,12,QA13,2019-11-05 17:35:26.071,16.734,4,False
2019-11-05 17:35:10.333,YMT,37,GA36,2019-11-05 17:35:30.652,20.319,6,False
2019-11-05 17:35:10.532,DIH,12,RA11,2019-11-05 17:35:33.586,23.054,11,False
2019-11-05 17:35:11.130,CHH,18,QA40,2019-11-05 17:35:28.660,17.53,3,False
2019-11-05 17:35:11.528,KWT,6004,RA41,2019-11-05 17:35:33.995,22.467,6,False
2019-11-05 17:35:12.041,LAT,6104,QA14,2019-11-05 17:36:16.191,64.15,49,True
2019-11-05 17:35:12.318,YAT,7003B,GA17,2019-11-05 17:36:12.287,59.969,0,False
2019-11-05 17:35:12.325,YAT,7006B,RA15,2019-11-05 17:36:28.204,75.879,5,False
2019-11-05 17:35:12.679,YAT,7003C,GA17,2019-11-05 17:36:16.191,63.512,13,False
2019-11-05 17:35:12.892,HOM,09,GA05,2019-11-05 17:37:10.455,117.563,6,False
2019-11-05 17:35:13.118,SKM,06,QA39,2019-11-05 17:35:35.234,22.116,8,False
2019-11-05 17:35:13.119,KOT,13,GA35,2019-11-05 17:35:30.191,17.072,7,False
2019-11-05 17:35:13.122,SKM,15,GA02,2019-11-05 17:35:37.047,23.925,14,False
2019-11-05 17:35:13.512,NTK,14,QA13,2019-11-05 17:35:33.586,20.074,7,False
2019-11-05 17:35:13.520,KWT,6015,GA45,2019-11-05 17:35:42.991,29.471,23,False
2019-11-05 17:35:14.674,CHH,20,QA40,2019-11-05 17:35:35.048,20.374,6,False
2019-11-05 17:35:15.115,LOF,06,QA10,2019-11-05 17:35:49.504,34.389,12,False
2019-11-05 17:35:16.290,TIK,7101,GA44,2019-11-05 17:35:58.342,42.052,30,False
2019-11-05 17:35:16.668,KOT,08,RA09,2019-11-05 17:36:34.000,77.332,10,False
2019-11-05 17:35:16.907,YMT,39,GA36,2019-11-05 17:35:37.047,20.14,7,False
2019-11-05 17:35:17.088,CHH,02,RA12,2019-11-05 17:35:42.206,25.118,15,False
2019-11-05 17:35:17.704,KWT,6002,RA41,2019-11-05 17:35:46.987,29.283,14,False
2019-11-05 17:35:17.903,YAT,7006A,RA15,2019-11-05 17:36:32.207,74.304,60,True
2019-11-05 17:35:18.103,WTS,09,GA46,2019-11-05 17:35:35.234,17.131,8,False
2019-11-05 17:35:18.672,CHH,01,GA20,2019-11-05 17:35:36.601,17.929,6,False
2019-11-05 17:35:19.297,YMT,32,QA38,2019-11-05 17:35:42.206,22.909,7,False
2019-11-05 17:35:19.496,WTS,01,GA01,2019-11-05 17:35:42.605,23.109,13,False
2019-11-05 17:35:19.696,HOM,11,GA05,2019-11-05 17:37:19.828,120.132,100,True
2019-11-05 17:35:20.493,KOT,15,GA35,2019-11-05 17:35:36.601,16.108,7,False
2019-11-05 17:35:20.892,DIH,02,QA40,2019-11-05 17:35:46.988,26.096,9,False
2019-11-05 17:35:21.074,KOB,02,QA13,2019-11-05 17:35:45.593,24.519,11,False
2019-11-05 17:35:22.028,SKM,08,QA39,2019-11-05 17:35:49.178,27.15,8,False
2019-11-05 17:35:22.086,WTS,02,RA11,2019-11-05 17:35:43.602,21.516,9,False
2019-11-05 17:35:23.481,HOM,21,GA04,2019-11-05 17:35:57.346,33.865,20,False
2019-11-05 17:35:24.078,YMT,41,GA36,2019-11-05 17:35:46.172,22.094,9,False
2019-11-05 17:35:24.676,SKM,01,GA03,2019-11-05 17:35:50.175,25.499,12,False
2019-11-05 17:35:24.875,NTK,13,GA18,2019-11-05 17:35:46.513,21.638,11,False
2019-11-05 17:35:25.274,CHH,03,GA20,2019-11-05 17:35:41.574,16.3,5,False
2019-11-05 17:35:25.871,YAT,7003D,GA17,2019-11-05 17:36:18.183,52.312,36,True
2019-11-05 17:35:26.469,MOK,32B,RA08,2019-11-05 17:35:49.178,22.709,7,False
2019-11-05 17:35:26.470,WTS,11,GA46,2019-11-05 17:35:43.202,16.732,6,False
2019-11-05 17:35:27.061,YMT,34,QA38,2019-11-05 17:35:43.602,16.541,2,False
2019-11-05 17:35:27.266,SKM,17,GA02,2019-11-05 17:35:45.088,17.822,9,False
2019-11-05 17:35:27.267,KOT,10,RA09,2019-11-05 17:36:44.160,76.893,63,True
2019-11-05 17:35:27.660,LOF,01,GA35,2019-11-05 17:35:43.003,15.343,5,False
2019-11-05 17:35:27.863,LOF,08,QA10,2019-11-05 17:36:39.579,71.716,14,False
2019-11-05 17:35:30.055,YMT,36,QA38,2019-11-05 17:35:52.565,22.51,4,False
2019-11-05 17:35:30.254,SKM,10,QA39,2019-11-05 17:36:49.539,79.285,11,False
2019-11-05 17:35:30.453,CHH,05,GA20,2019-11-05 17:35:47.983,17.53,5,False
2019-11-05 17:35:30.615,DIH,04,QA40,2019-11-05 17:35:58.143,27.528,10,False
2019-11-05 17:35:31.250,HOM,04,RA07,2019-11-05 17:35:58.895,27.645,15,False
2019-11-05 17:35:31.449,WTS,04,RA11,2019-11-05 17:35:54.159,22.71,7,False
2019-11-05 17:35:32.246,KOB,04,QA13,2019-11-05 17:35:57.547,25.301,11,False
2019-11-05 17:35:32.247,NTK,02,RA41,2019-11-05 17:35:55.532,23.285,11,False
2019-11-05 17:35:32.843,WTS,03,GA01,2019-11-05 17:35:58.683,25.84,7,False
2019-11-05 17:35:32.988,CHH,04,RA12,2019-11-05 17:35:55.155,22.167,11,False
2019-11-05 17:35:32.989,DIH,01,GA46,2019-11-05 17:35:55.155,22.166,7,False
2019-11-05 17:35:33.441,MOK,31,GA36,2019-11-05 17:35:55.532,22.091,8,False
2019-11-05 17:35:33.586,MOK,34A,RA08,2019-11-05 17:35:54.558,20.972,7,False
2019-11-05 17:35:33.640,LOF,03,GA35,2019-11-05 17:35:50.175,16.535,5,False
2019-11-05 17:35:34.437,YMT,38,QA38,2019-11-05 17:36:02.058,27.621,3,False
2019-11-05 17:35:35.831,CHH,07,GA20,2019-11-05 17:35:51.170,15.339,2,False
2019-11-05 17:35:36.047,NTK,15,GA18,2019-11-05 17:35:57.147,21.1,9,False
2019-11-05 17:35:36.600,LAT,6101,GA45,2019-11-05 17:35:48.182,11.582,0,False
2019-11-05 17:35:36.601,TIK,7120,QA42,2019-11-05 17:35:51.371,14.77,0,False
2019-11-05 17:35:36.781,LAT,6103,GA45,2019-11-05 17:36:06.112,29.331,10,False
2019-11-05 17:35:36.782,KOB,11,GA19,2019-11-05 17:36:00.685,23.903,13,False
2019-11-05 17:35:36.828,SKM,03,GA03,2019-11-05 17:35:58.683,21.855,8,False
2019-11-05 17:35:37.226,SKM,19,GA02,2019-11-05 17:35:52.165,14.939,5,False
2019-11-05 17:35:37.425,TIK,7118,QA42,2019-11-05 17:35:52.165,14.74,1,False
2019-11-05 17:35:38.223,YMT,40,QA38,2019-11-05 17:36:55.116,76.893,60,True
2019-11-05 17:35:38.421,CHH,09B,GA20,2019-11-05 17:36:08.103,29.682,10,False
2019-11-05 17:35:38.959,WTS,06,RA11,2019-11-05 17:36:09.100,30.141,9,False
2019-11-05 17:35:39.417,LOF,05,GA35,2019-11-05 17:36:03.123,23.706,7,False
2019-11-05 17:35:39.418,TIK,7116,QA42,2019-11-05 17:36:00.334,20.916,8,False
2019-11-05 17:35:40.015,HOM,14,QA06,2019-11-05 17:36:02.325,22.31,8,False
2019-11-05 17:35:40.185,WTS,05,GA01,2019-11-05 17:36:53.125,72.94,57,True
2019-11-05 17:35:40.612,DIH,03,GA46,2019-11-05 17:36:53.124,72.512,8,False
2019-11-05 17:35:40.812,MOK,34B,RA08,2019-11-05 17:35:59.736,18.924,6,False
2019-11-05 17:35:40.953,DIH,06,QA40,2019-11-05 17:36:18.063,37.11,15,False
2019-11-05 17:35:41.574,SKM,12,QA39,2019-11-05 17:37:02.488,80.914,65,True
2019-11-05 17:35:42.207,MOK,33,GA36,2019-11-05 17:36:11.091,28.884,9,False
2019-11-05 17:35:42.405,LOF,10,QA10,2019-11-05 17:36:50.535,68.13,54,True
2019-11-05 17:35:42.804,SKM,21,GA02,2019-11-05 17:35:57.147,14.343,6,False
2019-11-05 17:35:43.999,KOB,06,QA13,2019-11-05 17:36:13.663,29.664,11,False
2019-11-05 17:35:44.199,NTK,04,RA41,2019-11-05 17:36:11.092,26.893,8,False
2019-11-05 17:35:44.397,YMT,31,GA04,2019-11-05 17:36:08.701,24.304,11,False
2019-11-05 17:35:44.567,CHH,06,RA12,2019-11-05 17:36:05.086,20.519,7,False
2019-11-05 17:35:45.593,KWT,6001,GA18,2019-11-05 17:36:09.896,24.303,8,False
2019-11-05 17:35:45.792,SKM,05,GA03,2019-11-05 17:36:07.705,21.913,8,False
2019-11-05 17:35:46.590,LOF,07,GA35,2019-11-05 17:37:07.666,81.076,10,False
2019-11-05 17:35:46.788,HOM,06,RA07,2019-11-05 17:36:23.045,36.257,19,False
2019-11-05 17:35:46.987,TIK,7103,GA44,2019-11-05 17:36:17.224,30.237,15,False
2019-11-05 17:35:47.186,LAT,6105,GA45,2019-11-05 17:37:12.248,85.062,68,True
2019-11-05 17:35:47.585,MOK,36,RA08,2019-11-05 17:36:17.665,30.08,12,False
2019-11-05 17:35:47.784,TIK,7114,QA42,2019-11-05 17:36:13.880,26.096,13,False
2019-11-05 17:35:48.581,HOM,16,QA06,2019-11-05 17:36:05.314,16.733,3,False
2019-11-05 17:35:48.582,WTS,08,RA11,2019-11-05 17:37:00.495,71.913,13,False
2019-11-05 17:35:48.979,CHH,11,GA20,2019-11-05 17:37:05.077,76.098,61,True
2019-11-05 17:35:49.378,KOT,01,GA02,2019-11-05 17:36:03.521,14.143,5,False
2019-11-05 17:35:49.504,DIH,05,GA46,2019-11-05 17:37:03.084,73.58,59,True
2019-11-05 17:35:50.302,KOB,13,GA19,2019-11-05 17:36:10.086,19.784,10,False
2019-11-05 17:35:51.769,MOK,35,GA36,2019-11-05 17:36:59.100,67.331,11,False
2019-11-05 17:35:51.968,CHH,08,RA12,2019-11-05 17:36:15.673,23.705,5,False
2019-11-05 17:35:52.366,HOM,18,QA06,2019-11-05 17:36:08.702,16.336,4,False
2019-11-05 17:35:52.963,NTK,06,RA41,2019-11-05 17:37:10.057,77.094,60,True
2019-11-05 17:35:54.159,SKM,07,GA03,2019-11-05 17:36:16.071,21.912,8,False
2019-11-05 17:35:54.358,KWT,6003,GA18,2019-11-05 17:36:15.276,20.918,4,False
2019-11-05 17:35:55.156,KOT,03,GA02,2019-11-05 17:36:09.642,14.486,5,False
2019-11-05 17:35:55.752,KOB,08,QA13,2019-11-05 17:37:12.248,76.496,13,False
2019-11-05 17:35:56.350,YMT,33,GA04,2019-11-05 17:36:18.559,22.209,4,False
2019-11-05 17:35:56.693,HOM,20,QA06,2019-11-05 17:36:21.451,24.758,,False
2019-11-05 17:35:56.947,LOF,09,GA35,2019-11-05 17:37:16.631,79.684,68,True
2019-11-05 17:35:56.947,DIH,08,QA40,2019-11-05 17:37:07.069,70.122,12,False
2019-11-05 17:35:57.147,CHH,10,RA12,2019-11-05 17:37:15.037,77.89,60,True
2019-11-05 17:35:58.483,KWT,6005,GA18,2019-11-05 17:36:26.032,27.549,6,False
2019-11-05 17:35:58.895,HOM,20,GA06,2019-11-05 17:36:21.451,22.556,10,False
2019-11-05 17:36:00.334,MOK,38,RA08,2019-11-05 17:37:08.065,67.731,9,False
2019-11-05 17:36:00.334,KOB,15,GA19,2019-11-05 17:36:19.059,18.725,7,False
2019-11-05 17:36:00.685,YMT,35,GA04,2019-11-05 17:37:27.588,86.903,70,True
2019-11-05 17:36:00.685,KOT,05,GA02,2019-11-05 17:36:16.470,15.785,6,False
2019-11-05 17:36:01.708,TIK,7111,GA16,2019-11-05 17:36:17.224,15.516,0,False
2019-11-05 17:36:01.728,TIK,7112C,QA42,2019-11-05 17:37:16.232,74.504,0,False
2019-11-05 17:36:01.928,LAT,6102,QA14,2019-11-05 17:36:20.455,18.527,5,False
2019-11-05 17:36:02.057,TIK,7105,GA44,2019-11-05 17:36:27.227,25.17,11,False
2019-11-05 17:36:02.058,TIK,7112B,QA42,2019-11-05 17:37:20.216,78.158,4,False
2019-11-05 17:36:02.325,TIK,7113,GA16,2019-11-05 17:36:30.215,27.89,15,False
2019-11-05 17:36:02.326,WTS,10,RA11,2019-11-05 17:37:09.650,67.324,54,True
2019-11-05 17:36:02.326,YAT,7005,GA17,2019-11-05 17:36:24.239,21.913,15,False
2019-11-05 17:36:02.925,MOK,37,GA36,2019-11-05 17:37:03.682,60.757,45,True
2019-11-05 17:36:02.925,SKM,09,GA03,2019-11-05 17:36:20.653,17.728,3,False
2019-11-05 17:36:05.087,KWT,6007,GA18,2019-11-05 17:37:23.204,78.117,59,True
2019-11-05 17:36:06.111,HOM,08,RA07,2019-11-05 17:37:00.475,54.364,30,False
2019-11-05 17:36:06.623,TIK,7112A,QA42,2019-11-05 17:37:28.160,81.537,71,True
2019-11-05 17:36:06.709,SKM,11,GA03,2019-11-05 17:36:29.219,22.51,6,False
2019-11-05 17:36:06.908,KOT,07,GA02,2019-11-05 17:36:30.614,23.706,6,False
2019-11-05 17:36:07.904,KWT,6016,QA14,2019-11-05 17:36:32.805,24.901,12,False
2019-11-05 17:36:08.302,NTK,01,GA19,2019-11-05 17:36:25.633,17.331,5,False
2019-11-05 17:36:09.099,WHA,02,GA06,2019-11-05 17:36:28.422,19.323,6,False
2019-11-05 17:36:09.100,KOB,10,QA13,2019-11-05 17:37:23.599,74.499,61,True
2019-11-05 17:36:09.642,DIH,10,QA40,2019-11-05 17:37:16.232,66.59,53,True
2019-11-05 17:36:09.697,MOK,40,RA08,2019-11-05 17:37:15.578,65.881,48,True
2019-11-05 17:36:12.885,SKM,13,GA03,2019-11-05 17:37:27.189,74.304,59,True
2019-11-05 17:36:13.282,KOT,09,GA02,2019-11-05 17:37:36.153,82.871,67,True
2019-11-05 17:36:13.880,TIK,7107,GA44,2019-11-05 17:36:40.176,26.296,5,False
2019-11-05 17:36:14.279,NTK,03,GA19,2019-11-05 17:36:28.024,13.745,2,False
2019-11-05 17:36:15.276,WHA,04,GA06,2019-11-05 17:36:40.945,25.669,7,False
2019-11-05 17:36:17.067,NTK,05,GA19,2019-11-05 17:36:37.587,20.52,8,False
2019-11-05 17:36:17.864,YAT,7007,GA17,2019-11-05 17:36:47.348,29.484,22,False
2019-11-05 17:36:18.263,TIK,7115,GA16,2019-11-05 17:36:34.199,15.936,1,False
2019-11-05 17:36:18.462,YAT,7004,RA15,2019-11-05 17:36:36.191,17.729,16,False
2019-11-05 17:36:19.458,TIK,7109A,GA44,2019-11-05 17:37:37.301,77.843,15,False
2019-11-05 17:36:19.657,TIK,7149,GA16,2019-11-05 17:36:40.176,20.519,,False
2019-11-05 17:36:20.455,KWT,6014,QA14,2019-11-05 17:36:43.164,22.709,9,False
2019-11-05 17:36:22.645,WHA,06,GA06,2019-11-05 17:39:03.407,160.762,141,True
2019-11-05 17:36:25.833,NTK,07,GA19,2019-11-05 17:36:50.070,24.237,10,False
2019-11-05 17:36:29.617,KWT,6012,QA14,2019-11-05 17:36:54.661,25.044,11,False
2019-11-05 17:36:31.211,KOT,12,RA09,2019-11-05 17:36:55.714,24.503,13,False
2019-11-05 17:36:34.598,TIK,7120,QA16,2019-11-05 17:36:47.347,12.749,0,False
2019-11-05 17:36:34.599,TIK,7122,QA16,2019-11-05 17:37:26.158,51.559,35,False
2019-11-05 17:36:34.996,YAT,7002,RA15,2019-11-05 17:36:43.363,8.367,0,False
2019-11-05 17:36:35.395,TIK,7109B,GA44,2019-11-05 17:37:38.145,62.75,0,False
2019-11-05 17:36:35.594,LAT,6112,RA15,2019-11-05 17:37:13.386,37.792,21,False
2019-11-05 17:36:35.992,TIK,7109C,GA44,2019-11-05 17:37:52.090,76.098,53,True
2019-11-05 17:36:36.191,NTK,09,GA19,2019-11-05 17:37:46.513,70.322,10,False
2019-11-05 17:36:36.392,HOM,10,RA07,2019-11-05 17:38:25.955,109.563,8,False
2019-11-05 17:36:36.988,LOF,12,QA10,2019-11-05 17:37:02.488,25.5,13,False
2019-11-05 17:36:38.183,WTS,07,GA01,2019-11-05 17:37:03.085,24.902,14,False
2019-11-05 17:36:38.582,YMT,42,QA38,2019-11-05 17:36:59.698,21.116,8,False
2019-11-05 17:36:40.575,YAT,7009,GA17,2019-11-05 17:37:04.280,23.705,13,False
2019-11-05 17:36:40.773,KWT,6010,QA14,2019-11-05 17:37:10.158,29.385,9,False
2019-11-05 17:36:44.558,KOT,14,RA09,2019-11-05 17:37:05.077,20.519,9,False
2019-11-05 17:36:44.957,HOM,12,RA07,2019-11-05 17:38:34.521,109.564,90,True
2019-11-05 17:36:46.731,SKM,14,QA39,2019-11-05 17:37:11.054,24.323,7,False
2019-11-05 17:36:46.949,NTK,11,GA19,2019-11-05 17:37:56.661,69.712,58,True
2019-11-05 17:36:47.348,YMT,44,QA38,2019-11-05 17:37:10.654,23.306,12,False
2019-11-05 17:36:48.543,MOK,39,GA36,2019-11-05 17:37:09.650,21.107,6,False
2019-11-05 17:36:48.741,DIH,07,GA46,2019-11-05 17:37:11.054,22.313,9,False
2019-11-05 17:36:50.136,KWT,6008,QA14,2019-11-05 17:38:09.421,79.285,61,True
2019-11-05 17:36:50.534,CHH,13A,GA20,2019-11-05 17:37:15.037,24.503,12,False
2019-11-05 17:36:50.933,LOF,14,QA10,2019-11-05 17:37:12.628,21.695,10,False
2019-11-05 17:36:52.327,WTS,09,GA01,2019-11-05 17:37:13.606,21.279,9,False
2019-11-05 17:36:53.722,KOT,16,RA09,2019-11-05 17:37:14.184,20.462,8,False
2019-11-05 17:36:53.921,NTK,08,RA41,2019-11-05 17:37:21.611,27.69,15,False
2019-11-05 17:36:54.320,TIK,7101,GA17,2019-11-05 17:37:37.301,42.981,32,False
2019-11-05 17:36:54.706,SKM,16,QA39,2019-11-05 17:37:16.631,21.925,6,False
2019-11-05 17:36:55.315,MOK,41,GA36,2019-11-05 17:37:14.184,18.869,5,False
2019-11-05 17:36:55.913,LAT,6107,GA45,2019-11-05 17:37:18.225,22.312,10,False
2019-11-05 17:36:57.307,WTS,12,RA11,2019-11-05 17:37:18.623,21.316,10,False
2019-11-05 17:36:57.507,LAT,6110,RA15,2019-11-05 17:37:37.301,39.794,22,False
2019-11-05 17:36:57.905,DIH,09,GA46,2019-11-05 17:37:19.827,21.922,11,False
2019-11-05 17:36:57.905,CHH,12,RA12,2019-11-05 17:37:21.014,23.109,9,False
2019-11-05 17:36:58.668,MOK,42,RA08,2019-11-05 17:37:22.607,23.939,8,False
2019-11-05 17:37:00.096,HOM,02,QA38,2019-11-05 17:37:33.763,33.667,22,False
2019-11-05 17:37:00.296,HOM,13,GA05,2019-11-05 17:37:24.001,23.705,7,False
2019-11-05 17:37:01.092,MOK,43,GA36,2019-11-05 17:37:19.022,17.93,5,False
2019-11-05 17:37:01.453,SKM,18,QA39,2019-11-05 17:37:26.591,25.138,11,False
2019-11-05 17:37:01.620,KOT,02,QA10,2019-11-05 17:37:21.611,19.991,9,False
2019-11-05 17:37:01.889,WTS,11,GA01,2019-11-05 17:37:22.608,20.719,10,False
2019-11-05 17:37:02.487,SKM,02,RA09,2019-11-05 17:37:23.151,20.664,8,False
2019-11-05 17:37:02.885,DIH,12,QA40,2019-11-05 17:37:26.591,23.706,11,False
2019-11-05 17:37:03.084,CHH,15,GA20,2019-11-05 17:37:23.151,20.067,9,False
2019-11-05 17:37:04.877,KWT,6009,GA18,2019-11-05 17:37:29.577,24.7,8,False
2019-11-05 17:37:05.475,LOF,11,GA35,2019-11-05 17:37:25.585,20.11,11,False
2019-11-05 17:37:06.231,MOK,45,GA36,2019-11-05 17:37:38.066,31.835,11,False
2019-11-05 17:37:06.662,LAT,6109,GA45,2019-11-05 17:37:42.129,35.467,35,False
2019-11-05 17:37:07.454,HOM,15,GA05,2019-11-05 17:37:35.755,28.301,13,False
2019-11-05 17:37:07.666,MOK,44,RA08,2019-11-05 17:37:28.584,20.918,5,False
2019-11-05 17:37:07.667,CHH,14,RA12,2019-11-05 17:37:27.587,19.92,6,False
2019-11-05 17:37:08.264,WTS,14,RA11,2019-11-05 17:37:26.158,17.894,7,False
2019-11-05 17:37:09.061,NTK,10,RA41,2019-11-05 17:37:33.563,24.502,11,False
2019-11-05 17:37:09.261,CHH,01,GA46,2019-11-05 17:37:26.158,16.897,6,False
2019-11-05 17:37:09.650,TIK,7120,QA16,2019-11-05 17:37:36.154,26.504,10,False
2019-11-05 17:37:10.455,KOB,12,QA13,2019-11-05 17:37:35.555,25.1,12,False
2019-11-05 17:37:10.855,SKM,04,RA09,2019-11-05 17:37:32.167,21.312,8,False
2019-11-05 17:37:11.451,KOT,04,QA10,2019-11-05 17:37:31.173,19.722,7,False
2019-11-05 17:37:11.543,YMT,37,GA04,2019-11-05 17:37:31.173,19.63,5,False
2019-11-05 17:37:12.027,SKM,15,GA03,2019-11-05 17:37:34.510,22.483,12,False
2019-11-05 17:37:12.448,DIH,01,GA01,2019-11-05 17:37:34.510,22.062,6,False
2019-11-05 17:37:12.628,CHH,17,GA20,2019-11-05 17:37:29.576,16.948,6,False
2019-11-05 17:37:13.045,MOK,46,RA08,2019-11-05 17:37:38.067,25.022,11,False
2019-11-05 17:37:13.385,SKM,20,QA39,2019-11-05 17:37:41.067,27.682,12,False
2019-11-05 17:37:13.605,KWT,6011,GA18,2019-11-05 17:37:35.756,22.151,6,False
2019-11-05 17:37:13.842,CHH,16,RA12,2019-11-05 17:37:31.571,17.729,4,False
2019-11-05 17:37:14.639,WTS,02,QA40,2019-11-05 17:37:36.552,21.913,8,False
2019-11-05 17:37:15.578,LOF,02,RA11,2019-11-05 17:37:35.157,19.579,6,False
2019-11-05 17:37:15.579,CHH,03,GA46,2019-11-05 17:37:30.575,14.996,5,False
2019-11-05 17:37:16.830,LOF,13,GA35,2019-11-05 17:37:33.563,16.733,8,False
2019-11-05 17:37:17.445,YMT,39,GA04,2019-11-05 17:37:38.067,20.622,7,False
2019-11-05 17:37:17.446,MOK,47,GA36,2019-11-05 17:38:33.525,76.079,58,True
2019-11-05 17:37:17.627,TIK,7110,QA42,2019-11-05 17:37:37.301,19.674,4,False
2019-11-05 17:37:18.444,CHH,18,RA12,2019-11-05 17:37:36.551,18.107,4,False
2019-11-05 17:37:19.022,DIH,03,GA01,2019-11-05 17:38:23.565,64.543,9,False
2019-11-05 17:37:19.022,KOT,06,QA10,2019-11-05 17:37:44.520,25.498,7,False
2019-11-05 17:37:19.220,CHH,19,GA20,2019-11-05 17:37:37.124,17.904,7,False
2019-11-05 17:37:19.827,SKM,06,RA09,2019-11-05 17:37:41.067,21.24,8,False
2019-11-05 17:37:19.828,TIK,7118,QA16,2019-11-05 17:37:37.302,17.474,1,False
2019-11-05 17:37:20.216,LAT,6108,RA15,2019-11-05 17:37:46.313,26.097,8,False
2019-11-05 17:37:20.416,KWT,6013,GA18,2019-11-05 17:37:47.433,27.017,10,False
2019-11-05 17:37:20.616,KOT,11,GA02,2019-11-05 17:37:45.005,24.389,14,False
2019-11-05 17:37:20.789,CHH,05,GA46,2019-11-05 17:37:36.551,15.762,4,False
2019-11-05 17:37:20.814,NTK,12,RA41,2019-11-05 17:37:37.548,16.734,3,False
2019-11-05 17:37:21.412,HOM,17,GA05,2019-11-05 17:37:55.476,34.064,23,False
2019-11-05 17:37:21.806,TIK,7116,QA16,2019-11-05 17:37:46.113,24.307,20,False
2019-11-05 17:37:21.963,TIK,7108,QA42,2019-11-05 17:37:41.133,19.17,7,False
2019-11-05 17:37:21.964,LOF,04,RA11,2019-11-05 17:37:46.100,24.136,8,False
2019-11-05 17:37:22.408,HOM,04,QA38,2019-11-05 17:37:50.695,28.287,14,False
2019-11-05 17:37:22.607,CHH,20,RA12,2019-11-05 17:37:43.125,20.518,6,False
2019-11-05 17:37:22.679,KOB,14,QA13,2019-11-05 17:37:47.508,24.829,10,False
2019-11-05 17:37:23.603,WTS,04,QA40,2019-11-05 17:37:47.508,23.905,8,False
2019-11-05 17:37:23.802,HOM,05,GA37,2019-11-05 17:37:49.494,25.692,9,False
2019-11-05 17:37:24.400,YMT,32,RA08,2019-11-05 17:37:47.069,22.669,7,False
2019-11-05 17:37:24.798,NTK,14,RA41,2019-11-05 17:37:45.005,20.207,7,False
2019-11-05 17:37:24.998,SKM,17,GA03,2019-11-05 17:37:42.675,17.677,9,False
2019-11-05 17:37:25.197,WTS,01,GA35,2019-11-05 17:37:43.126,17.929,8,False
2019-11-05 17:37:25.198,YMT,41,GA04,2019-11-05 17:37:47.069,21.871,9,False
2019-11-05 17:37:25.396,CHH,07,GA46,2019-11-05 17:37:39.541,14.145,2,False
2019-11-05 17:37:25.585,SKM,22A,QA39,2019-11-05 17:37:47.508,21.923,2,False
2019-11-05 17:37:26.159,KOT,08,QA10,2019-11-05 17:39:09.148,102.989,11,False
2019-11-05 17:37:26.392,CHH,21,GA20,2019-11-05 17:37:44.122,17.73,6,False
2019-11-05 17:37:26.989,TIK,7103,GA17,2019-11-05 17:37:57.269,30.28,16,False
2019-11-05 17:37:28.160,SKM,08,RA09,2019-11-05 17:37:55.675,27.515,8,False
2019-11-05 17:37:28.384,CHH,09B,GA46,2019-11-05 17:37:56.074,27.69,8,False
2019-11-05 17:37:28.557,SKM,22B,QA39,2019-11-05 17:38:52.649,84.092,4,False
2019-11-05 17:37:28.584,DIH,05,GA01,2019-11-05 17:38:33.127,64.543,50,True
2019-11-05 17:37:28.782,DIH,02,RA12,2019-11-05 17:37:55.078,26.296,9,False
2019-11-05 17:37:28.982,LAT,6106,RA15,2019-11-05 17:38:38.107,69.125,13,False
2019-11-05 17:37:29.380,TIK,7111,GA44,2019-11-05 17:37:58.265,28.885,12,False
2019-11-05 17:37:29.778,TIK,7106,QA42,2019-11-05 17:38:00.227,30.449,30,False
2019-11-05 17:37:30.376,LOF,06,RA11,2019-11-05 17:38:04.039,33.663,13,False
2019-11-05 17:37:31.373,KWT,6015,GA18,2019-11-05 17:38:01.432,30.059,21,False
2019-11-05 17:37:31.771,YMT,34,RA08,2019-11-05 17:37:49.500,17.729,3,False
2019-11-05 17:37:32.168,WTS,06,QA40,2019-11-05 17:38:02.003,29.835,11,False
2019-11-05 17:37:32.169,KOB,02,RA41,2019-11-05 17:37:57.668,25.499,12,False
2019-11-05 17:37:32.952,SKM,22C,QA39,2019-11-05 17:38:57.576,84.624,4,False
2019-11-05 17:37:32.953,KOB,16,QA13,2019-11-05 17:37:59.660,26.707,14,False
2019-11-05 17:37:33.165,HOM,07,GA37,2019-11-05 17:37:59.062,25.897,4,False
2019-11-05 17:37:33.364,KOB,01,GA20,2019-11-05 17:37:51.094,17.73,8,False
2019-11-05 17:37:33.763,WTS,03,GA35,2019-11-05 17:37:58.464,24.701,7,False
2019-11-05 17:37:34.360,MOK,31,GA04,2019-11-05 17:37:55.078,20.718,9,False
2019-11-05 17:37:34.510,SKM,19,GA03,2019-11-05 17:37:49.103,14.593,6,False
2019-11-05 17:37:35.157,YMT,36,RA08,2019-11-05 17:37:57.668,22.511,5,False
2019-11-05 17:37:35.157,KOT,13,GA02,2019-11-05 17:37:52.663,17.506,8,False
2019-11-05 17:37:36.950,SKM,10,RA09,2019-11-05 17:38:49.661,72.711,11,False
2019-11-05 17:37:37.123,CHH,11,GA46,2019-11-05 17:39:13.168,96.045,81,True
2019-11-05 17:37:37.262,HOM,09,GA37,2019-11-05 17:39:07.192,89.93,8,False
2019-11-05 17:37:37.308,HOM,06,QA38,2019-11-05 17:38:13.803,36.495,20,False
2019-11-05 17:37:37.747,KOT,10,QA10,2019-11-05 17:39:19.144,101.397,88,True
2019-11-05 17:37:37.946,MOK,32A,QA39,2019-11-05 17:39:04.602,86.656,68,True
2019-11-05 17:37:38.666,DIH,04,RA12,2019-11-05 17:38:05.608,26.942,9,False
2019-11-05 17:37:40.735,YMT,38,RA08,2019-11-05 17:38:05.038,24.303,4,False
2019-11-05 17:37:40.857,SKM,21,GA03,2019-11-05 17:37:54.670,13.813,5,False
2019-11-05 17:37:41.133,WTS,05,GA35,2019-11-05 17:38:56.633,75.5,60,True
2019-11-05 17:37:41.532,KOB,03,GA20,2019-11-05 17:37:58.066,16.534,6,False
2019-11-05 17:37:41.930,TIK,7114,QA16,2019-11-05 17:38:00.227,18.297,1,False
2019-11-05 17:37:42.129,LAT,6104,RA15,2019-11-05 17:38:44.282,62.153,50,True
2019-11-05 17:37:42.267,TIK,7113,GA44,2019-11-05 17:38:12.012,29.745,17,False
2019-11-05 17:37:42.529,YAT,7001,GA45,2019-11-05 17:38:06.234,23.705,16,False
2019-11-05 17:37:43.125,TIK,7105,GA17,2019-11-05 17:38:08.226,25.101,16,False
2019-11-05 17:37:43.325,TIK,7112C,QA16,2019-11-05 17:39:04.108,80.783,11,False
2019-11-05 17:37:43.524,WTS,08,QA40,2019-11-05 17:39:01.016,77.492,11,False
2019-11-05 17:37:43.723,LOF,08,RA11,2019-11-05 17:39:07.590,83.867,13,False
2019-11-05 17:37:43.922,MOK,33,GA04,2019-11-05 17:38:10.218,26.296,8,False
2019-11-05 17:37:44.121,KOT,15,GA02,2019-11-05 17:37:59.660,15.539,5,False
2019-11-05 17:37:44.321,KOB,04,RA41,2019-11-05 17:38:10.611,26.29,11,False
2019-11-05 17:37:44.719,HOM,19,GA05,2019-11-05 17:38:16.991,32.272,19,False
2019-11-05 17:37:45.117,YMT,40,RA08,2019-11-05 17:39:48.570,123.453,106,True
2019-11-05 17:37:45.516,NTK,13,GA19,2019-11-05 17:38:04.640,19.124,9,False
2019-11-05 17:37:46.100,HOM,11,GA37,2019-11-05 17:39:16.156,90.056,71,True
2019-11-05 17:37:46.512,KOT,01,GA03,2019-11-05 17:38:01.054,14.542,6,False
2019-11-05 17:37:47.069,CHH,02,QA13,2019-11-05 17:38:13.206,26.137,15,False
2019-11-05 17:37:48.106,SKM,12,RA09,2019-11-05 17:39:02.610,74.504,58,True
2019-11-05 17:37:48.305,DIH,06,RA12,2019-11-05 17:38:25.557,37.252,16,False
2019-11-05 17:37:48.504,KOB,05,GA20,2019-11-05 17:38:08.026,19.522,9,False
2019-11-05 17:37:49.495,LOF,01,GA02,2019-11-05 17:38:05.608,16.113,6,False
2019-11-05 17:37:51.662,KWT,6006,QA14,2019-11-05 17:38:14.003,22.341,6,False
2019-11-05 17:37:52.081,MOK,35,GA04,2019-11-05 17:39:01.551,69.47,9,False
2019-11-05 17:37:52.664,KOT,03,GA03,2019-11-05 17:38:07.031,14.367,5,False
2019-11-05 17:37:53.086,LAT,6101,GA18,2019-11-05 17:38:06.234,13.148,6,False
2019-11-05 17:37:54.671,TIK,7112B,QA16,2019-11-05 17:39:09.148,74.477,4,False
2019-11-05 17:37:54.879,NTK,15,GA19,2019-11-05 17:38:13.606,18.727,8,False
2019-11-05 17:37:55.277,WTS,10,QA40,2019-11-05 17:39:10.695,75.418,63,True
2019-11-05 17:37:56.233,KOB,06,RA41,2019-11-05 17:38:26.553,30.32,11,False
2019-11-05 17:37:56.233,LOF,03,GA02,2019-11-05 17:38:12.608,16.375,5,False
2019-11-05 17:37:57.468,LOF,10,RA11,2019-11-05 17:39:16.554,79.086,67,True
2019-11-05 17:37:57.669,KOB,07,GA20,2019-11-05 17:38:27.748,30.079,10,False
2019-11-05 17:37:57.867,HOM,08,QA38,2019-11-05 17:39:18.547,80.68,42,False
2019-11-05 17:37:57.989,KOT,05,GA03,2019-11-05 17:38:14.202,16.213,6,False
2019-11-05 17:37:58.266,KWT,6004,QA14,2019-11-05 17:38:18.225,19.959,6,False
2019-11-05 17:37:59.062,YAT,7003A,GA45,2019-11-05 17:39:04.203,65.141,0,False
2019-11-05 17:37:59.261,TIK,7107,GA17,2019-11-05 17:38:18.226,18.965,1,False
2019-11-05 17:37:59.262,TIK,7112A,QA16,2019-11-05 17:39:17.626,78.364,64,True
2019-11-05 17:37:59.460,LAT,6103,GA18,2019-11-05 17:38:23.365,23.905,22,False
2019-11-05 17:37:59.859,TIK,7104,QA42,2019-11-05 17:38:10.218,10.359,17,False
2019-11-05 17:38:00.058,YAT,7003B,GA45,2019-11-05 17:39:10.155,70.097,0,False
2019-11-05 17:38:00.227,YAT,7003C,GA45,2019-11-05 17:39:12.132,71.905,9,False
2019-11-05 17:38:00.257,TIK,7115,GA44,2019-11-05 17:38:15.995,15.738,,False
2019-11-05 17:38:00.457,TIK,7109A,GA17,2019-11-05 17:39:16.156,75.699,21,False
2019-11-05 17:38:02.003,MOK,37,GA04,2019-11-05 17:39:06.195,64.192,48,True
2019-11-05 17:38:02.146,LOF,05,GA02,2019-11-05 17:38:25.557,23.411,6,False
2019-11-05 17:38:02.449,CHH,04,QA13,2019-11-05 17:38:26.154,23.705,12,False
2019-11-05 17:38:03.843,KWT,6001,GA19,2019-11-05 17:38:23.764,19.921,7,False
2019-11-05 17:38:04.039,KOT,07,GA03,2019-11-05 17:38:27.748,23.709,6,False
2019-11-05 17:38:04.442,DIH,08,RA12,2019-11-05 17:39:19.543,75.101,12,False
2019-11-05 17:38:04.640,KWT,6002,QA14,2019-11-05 17:38:27.350,22.71,10,False
2019-11-05 17:38:04.640,HOM,21,GA05,2019-11-05 17:38:39.501,34.861,22,False
2019-11-05 17:38:05.607,TIK,7149,RA44,2019-11-05 17:38:21.373,15.766,15,False
2019-11-05 17:38:07.629,KOB,08,RA41,2019-11-05 17:39:25.718,78.089,14,False
2019-11-05 17:38:08.425,KOB,09,GA20,2019-11-05 17:39:28.478,80.053,64,True
2019-11-05 17:38:08.844,LOF,07,GA02,2019-11-05 17:39:17.695,68.851,10,False
2019-11-05 17:38:09.621,YAT,7003D,GA45,2019-11-05 17:39:16.301,66.68,50,True
2019-11-05 17:38:10.611,KOT,09,GA03,2019-11-05 17:39:29.503,78.892,63,True
2019-11-05 17:38:11.016,KWT,6003,GA19,2019-11-05 17:38:28.669,17.653,3,False
2019-11-05 17:38:14.800,KWT,6005,GA19,2019-11-05 17:38:39.900,25.1,5,False
2019-11-05 17:38:14.996,CHH,06,QA13,2019-11-05 17:38:36.115,21.119,7,False
2019-11-05 17:38:15.397,HOM,14,RA07,2019-11-05 17:38:41.279,25.882,7,False
2019-11-05 17:38:15.596,NTK,02,QA14,2019-11-05 17:38:33.525,17.929,8,False
2019-11-05 17:38:15.996,SKM,01,GA36,2019-11-05 17:38:42.091,26.095,12,False
2019-11-05 17:38:16.992,DIH,10,RA12,2019-11-05 17:39:29.105,72.113,60,True
2019-11-05 17:38:17.588,TIK,7102,QA42,2019-11-05 17:38:23.365,5.777,4,False
2019-11-05 17:38:19.111,LOF,09,GA02,2019-11-05 17:39:26.656,67.545,56,True
2019-11-05 17:38:19.381,DIH,07,GA01,2019-11-05 17:38:41.550,22.169,9,False
2019-11-05 17:38:20.377,KWT,6007,GA19,2019-11-05 17:39:55.998,95.621,77,True
2019-11-05 17:38:21.374,TIK,7120,RA44,2019-11-05 17:38:29.278,7.904,0,False
2019-11-05 17:38:21.573,LAT,6105,GA18,2019-11-05 17:39:21.335,59.762,47,True
2019-11-05 17:38:21.573,TIK,7109B,GA17,2019-11-05 17:39:22.132,60.559,0,False
2019-11-05 17:38:21.750,TIK,7122,RA44,2019-11-05 17:39:07.192,45.442,29,False
2019-11-05 17:38:21.751,TIK,7109C,GA17,2019-11-05 17:39:36.229,74.478,50,True
2019-11-05 17:38:21.971,YAT,7012,QA42,2019-11-05 17:38:44.282,22.311,13,False
2019-11-05 17:38:22.369,KOB,10,RA41,2019-11-05 17:39:37.073,74.704,61,True
2019-11-05 17:38:22.707,CHH,08,QA13,2019-11-05 17:38:46.611,23.904,5,False
2019-11-05 17:38:23.365,HOM,22,RA07,2019-11-05 17:38:48.665,25.3,5,False
2019-11-05 17:38:23.963,NTK,04,QA14,2019-11-05 17:38:49.063,25.1,7,False
2019-11-05 17:38:26.752,YMT,31,GA05,2019-11-05 17:38:50.657,23.905,11,False
2019-11-05 17:38:27.947,CHH,10,QA13,2019-11-05 17:39:42.252,74.305,57,True
2019-11-05 17:38:28.546,SKM,03,GA36,2019-11-05 17:38:50.657,22.111,8,False
2019-11-05 17:38:28.714,DIH,09,GA01,2019-11-05 17:38:52.053,23.339,10,False
2019-11-05 17:38:28.943,HOM,05,RA07,2019-11-05 17:38:57.629,28.686,3,False
2019-11-05 17:38:31.534,NTK,06,QA14,2019-11-05 17:39:44.644,73.11,57,True
2019-11-05 17:38:32.330,HOM,03,RA07,2019-11-05 17:41:11.100,158.77,,False
2019-11-05 17:38:32.928,LAT,6102,RA15,2019-11-05 17:38:48.260,15.332,3,False
2019-11-05 17:38:35.318,YAT,7010,QA42,2019-11-05 17:39:00.188,24.87,16,False
2019-11-05 17:38:36.315,KWT,6016,RA15,2019-11-05 17:39:00.418,24.103,10,False
2019-11-05 17:38:37.111,SKM,05,GA36,2019-11-05 17:38:59.024,21.913,8,False
2019-11-05 17:38:37.908,YMT,33,GA05,2019-11-05 17:39:01.149,23.241,4,False
2019-11-05 17:38:39.303,CHH,01,GA01,2019-11-05 17:39:01.551,22.248,6,False
2019-11-05 17:38:40.497,HOM,10,QA38,2019-11-05 17:40:21.696,101.199,13,False
2019-11-05 17:38:41.892,WTS,07,GA35,2019-11-05 17:39:05.199,23.307,13,False
2019-11-05 17:38:42.888,YMT,35,GA05,2019-11-05 17:40:18.110,95.222,78,True
2019-11-05 17:38:44.483,WHA,04,GA06,2019-11-05 17:39:14.164,29.681,11,False
2019-11-05 17:38:45.876,SKM,07,GA36,2019-11-05 17:39:09.148,23.272,8,False
2019-11-05 17:38:46.075,CHH,03,GA01,2019-11-05 17:39:14.164,28.089,6,False
2019-11-05 17:38:46.075,MOK,32B,QA39,2019-11-05 17:39:09.148,23.073,6,False
2019-11-05 17:38:46.275,SKM,14,RA09,2019-11-05 17:39:11.176,24.901,8,False
2019-11-05 17:38:47.271,KWT,6014,RA15,2019-11-05 17:39:10.976,23.705,10,False
2019-11-05 17:38:50.857,MOK,39,GA04,2019-11-05 17:39:11.575,20.718,7,False
2019-11-05 17:38:51.454,YAT,7008,QA42,2019-11-05 17:39:16.355,24.901,6,False
2019-11-05 17:38:51.653,TIK,7120,RA44,2019-11-05 17:39:16.157,24.504,6,False
2019-11-05 17:38:52.649,CHH,05,GA01,2019-11-05 17:39:27.511,34.862,8,False
2019-11-05 17:38:53.048,MOK,34A,QA39,2019-11-05 17:39:14.562,21.514,7,False
2019-11-05 17:38:54.244,HOM,12,QA38,2019-11-05 17:40:28.469,94.225,76,True
2019-11-05 17:38:54.244,SKM,09,GA36,2019-11-05 17:39:14.562,20.318,4,False
2019-11-05 17:38:55.245,SKM,16,RA09,2019-11-05 17:39:16.087,20.842,5,False
2019-11-05 17:38:55.638,WTS,09,GA35,2019-11-05 17:39:13.567,17.929,9,False
2019-11-05 17:38:56.205,WHA,02,GA06,2019-11-05 17:39:24.324,28.119,10,False
2019-11-05 17:38:57.629,HOM,13,GA37,2019-11-05 17:39:20.498,22.869,6,False
2019-11-05 17:38:57.829,TIK,7118,RA44,2019-11-05 17:39:19.343,21.514,6,False
2019-11-05 17:38:58.028,KWT,6012,RA15,2019-11-05 17:39:21.136,23.108,10,False
2019-11-05 17:38:58.426,YAT,7006C,QA42,2019-11-05 17:40:12.135,73.709,5,False
2019-11-05 17:38:58.426,MOK,41,GA04,2019-11-05 17:39:16.554,18.128,4,False
2019-11-05 17:38:58.826,SKM,11,GA36,2019-11-05 17:39:23.694,24.868,4,False
2019-11-05 17:38:59.024,WTS,12,QA40,2019-11-05 17:39:19.543,20.519,9,False
2019-11-05 17:38:59.025,CHH,13A,GA46,2019-11-05 17:39:23.694,24.669,12,False
2019-11-05 17:38:59.984,YAT,7005,GA45,2019-11-05 17:39:20.339,20.355,10,False
2019-11-05 17:39:00.188,MOK,34B,QA39,2019-11-05 17:39:20.140,19.952,7,False
2019-11-05 17:39:01.016,SKM,18,RA09,2019-11-05 17:39:26.657,25.641,12,False
2019-11-05 17:39:01.149,CHH,07,GA01,2019-11-05 17:39:31.495,30.346,5,False
2019-11-05 17:39:03.208,MOK,43,GA04,2019-11-05 17:39:21.536,18.328,5,False
2019-11-05 17:39:03.407,SKM,13,GA36,2019-11-05 17:40:23.688,80.281,64,True
2019-11-05 17:39:04.004,TIK,7110,QA16,2019-11-05 17:39:24.125,20.121,7,False
2019-11-05 17:39:04.004,TIK,7116,RA44,2019-11-05 17:39:32.090,28.086,8,False
2019-11-05 17:39:04.108,YAT,7006B,QA42,2019-11-05 17:40:18.111,74.003,7,False
2019-11-05 17:39:04.403,HOM,15,GA37,2019-11-05 17:39:33.687,29.284,13,False
2019-11-05 17:39:04.602,LOF,12,RA11,2019-11-05 17:39:26.656,22.054,13,False
2019-11-05 17:39:04.802,WTS,11,GA35,2019-11-05 17:39:21.136,16.334,7,False
2019-11-05 17:39:05.797,KOT,12,QA10,2019-11-05 17:39:30.698,24.901,13,False
2019-11-05 17:39:06.595,CHH,09B,GA01,2019-11-05 17:39:50.022,43.427,21,False
2019-11-05 17:39:07.192,HOM,20,GA06,2019-11-05 17:39:40.858,33.666,17,False
2019-11-05 17:39:07.591,MOK,36,QA39,2019-11-05 17:39:39.065,31.474,12,False
2019-11-05 17:39:08.387,KWT,6010,RA15,2019-11-05 17:39:36.660,28.273,8,False
2019-11-05 17:39:08.586,MOK,45,GA04,2019-11-05 17:39:40.659,32.073,11,False
2019-11-05 17:39:08.785,WTS,14,QA40,2019-11-05 17:39:27.066,18.281,8,False
2019-11-05 17:39:08.984,LAT,6107,GA18,2019-11-05 17:39:26.316,17.332,14,False
2019-11-05 17:39:10.977,YAT,7007,GA45,2019-11-05 17:39:44.195,33.218,36,False
2019-11-05 17:39:11.575,YAT,7006A,QA42,2019-11-05 17:40:24.086,72.511,56,True
2019-11-05 17:39:11.773,TIK,7111,GA17,2019-11-05 17:39:42.252,30.479,12,False
2019-11-05 17:39:11.774,TIK,7108,QA16,2019-11-05 17:39:32.292,20.518,12,False
2019-11-05 17:39:11.973,CHH,15,GA46,2019-11-05 17:39:31.694,19.721,7,False
2019-11-05 17:39:12.132,DIH,01,GA35,2019-11-05 17:39:33.089,20.957,6,False
2019-11-05 17:39:12.969,TIK,7114,RA44,2019-11-05 17:39:46.238,33.269,17,False
2019-11-05 17:39:13.168,SKM,20,RA09,2019-11-05 17:39:41.256,28.088,12,False
2019-11-05 17:39:13.169,KOB,11,GA20,2019-11-05 17:39:38.070,24.901,15,False
2019-11-05 17:39:13.965,KOT,11,GA03,2019-11-05 17:39:38.667,24.702,15,False
2019-11-05 17:39:15.758,LOF,11,GA02,2019-11-05 17:39:35.678,19.92,11,False
2019-11-05 17:39:16.688,KWT,6008,RA15,2019-11-05 17:40:45.203,88.515,70,True
2019-11-05 17:39:16.953,LOF,02,QA40,2019-11-05 17:39:35.678,18.725,5,False
2019-11-05 17:39:17.133,DIH,12,RA12,2019-11-05 17:39:39.664,22.531,10,False
2019-11-05 17:39:17.626,LOF,14,RA11,2019-11-05 17:39:35.055,17.429,8,False
2019-11-05 17:39:18.148,HOM,17,GA37,2019-11-05 17:39:53.807,35.659,22,False
2019-11-05 17:39:18.546,DIH,03,GA35,2019-11-05 17:40:49.187,90.641,8,False
2019-11-05 17:39:19.343,KOT,14,QA10,2019-11-05 17:39:40.062,20.719,9,False
2019-11-05 17:39:19.941,CHH,17,GA46,2019-11-05 17:39:39.663,19.722,8,False
2019-11-05 17:39:19.941,MOK,47,GA04,2019-11-05 17:40:40.621,80.68,63,True
2019-11-05 17:39:20.339,MOK,38,QA39,2019-11-05 17:40:34.048,73.709,10,False
2019-11-05 17:39:22.471,LOF,04,QA40,2019-11-05 17:39:45.576,23.105,8,False
2019-11-05 17:39:23.695,KOB,12,RA41,2019-11-05 17:39:49.026,25.331,12,False
2019-11-05 17:39:23.925,LAT,6109,GA18,2019-11-05 17:39:50.221,26.296,23,False
2019-11-05 17:39:24.523,TIK,7106,QA16,2019-11-05 17:39:52.214,27.691,23,False
2019-11-05 17:39:24.723,TIK,7113,GA17,2019-11-05 17:39:54.206,29.483,22,False
2019-11-05 17:39:24.916,HOM,18,GA06,2019-11-05 17:39:46.037,21.121,4,False
2019-11-05 17:39:25.121,CHH,12,QA13,2019-11-05 17:39:48.570,23.449,9,False
2019-11-05 17:39:25.719,KOT,02,RA11,2019-11-05 17:39:43.049,17.33,7,False
2019-11-05 17:39:26.116,SKM,22A,RA09,2019-11-05 17:39:47.556,21.44,2,False
2019-11-05 17:39:27.112,LOF,13,GA02,2019-11-05 17:39:44.045,16.933,7,False
2019-11-05 17:39:27.313,DIH,05,GA35,2019-11-05 17:41:00.144,92.831,78,True
2019-11-05 17:39:27.909,WTS,02,RA12,2019-11-05 17:39:49.619,21.71,8,False
2019-11-05 17:39:28.109,CHH,11,GA01,2019-11-05 17:40:48.590,80.481,65,True
2019-11-05 17:39:28.109,CHH,19,GA46,2019-11-05 17:39:47.033,18.924,7,False
2019-11-05 17:39:28.308,KOB,13,GA20,2019-11-05 17:39:46.527,18.219,10,False
2019-11-05 17:39:28.309,SKM,22B,RA09,2019-11-05 17:40:40.164,71.855,4,False
2019-11-05 17:39:28.507,KOT,16,QA10,2019-11-05 17:39:49.619,21.112,9,False
2019-11-05 17:39:28.905,NTK,08,QA14,2019-11-05 17:39:54.205,25.3,13,False
2019-11-05 17:39:29.304,KOT,13,GA03,2019-11-05 17:39:46.644,17.34,8,False
2019-11-05 17:39:29.504,HOM,22,GA06,2019-11-05 17:39:51.217,21.713,5,False
2019-11-05 17:39:30.499,LOF,06,QA40,2019-11-05 17:40:01.177,30.678,11,False
2019-11-05 17:39:30.897,TIK,7112C,RA44,2019-11-05 17:41:21.260,110.363,16,False
2019-11-05 17:39:31.097,MOK,40,QA39,2019-11-05 17:40:41.043,69.946,53,True
2019-11-05 17:39:31.495,YMT,42,RA08,2019-11-05 17:39:53.158,21.663,9,False
2019-11-05 17:39:32.492,SKM,22C,RA09,2019-11-05 17:40:45.601,73.109,6,False
2019-11-05 17:39:33.686,KOT,04,RA11,2019-11-05 17:39:51.615,17.929,7,False
2019-11-05 17:39:34.285,WTS,01,GA02,2019-11-05 17:39:53.157,18.872,9,False
2019-11-05 17:39:34.883,CHH,14,QA13,2019-11-05 17:39:55.201,20.318,6,False
2019-11-05 17:39:35.081,HOM,07,GA06,2019-11-05 17:40:00.112,25.031,4,False
2019-11-05 17:39:35.281,CHH,21,GA46,2019-11-05 17:39:55.591,20.31,8,False
2019-11-05 17:39:35.878,KOB,14,RA41,2019-11-05 17:40:01.177,25.299,10,False
2019-11-05 17:39:36.276,WTS,04,RA12,2019-11-05 17:40:00.112,23.836,8,False
2019-11-05 17:39:37.471,KWT,6009,GA19,2019-11-05 17:40:00.381,22.91,9,False
2019-11-05 17:39:38.069,SKM,02,QA10,2019-11-05 17:39:58.587,20.518,7,False
2019-11-05 17:39:38.268,KOT,15,GA03,2019-11-05 17:39:53.607,15.339,5,False
2019-11-05 17:39:38.467,KOB,15,GA20,2019-11-05 17:39:54.205,15.738,7,False
2019-11-05 17:39:38.668,MOK,32A,RA09,2019-11-05 17:40:52.574,73.906,54,True
2019-11-05 17:39:39.664,HOM,09,GA06,2019-11-05 17:40:40.821,61.157,8,False
2019-11-05 17:39:40.659,YMT,44,RA08,2019-11-05 17:40:04.165,23.506,13,False
2019-11-05 17:39:40.830,KOT,06,RA11,2019-11-05 17:40:05.560,24.73,7,False
2019-11-05 17:39:41.057,HOM,19,GA37,2019-11-05 17:40:17.055,35.998,23,False
2019-11-05 17:39:41.655,CHH,16,QA13,2019-11-05 17:39:59.584,17.929,4,False
2019-11-05 17:39:42.452,LOF,08,QA40,2019-11-05 17:40:51.578,69.126,11,False
2019-11-05 17:39:42.791,NTK,10,QA14,2019-11-05 17:40:02.572,19.781,10,False
2019-11-05 17:39:43.448,KOB,01,GA46,2019-11-05 17:40:03.569,20.121,7,False
2019-11-05 17:39:44.045,LOF,01,GA03,2019-11-05 17:40:00.111,16.066,5,False
2019-11-05 17:39:44.195,WTS,03,GA02,2019-11-05 17:40:08.548,24.353,5,False
2019-11-05 17:39:45.242,WTS,06,RA12,2019-11-05 17:40:15.122,29.88,8,False
2019-11-05 17:39:45.575,NTK,01,GA20,2019-11-05 17:40:00.112,14.537,4,False
2019-11-05 17:39:45.646,SKM,04,QA10,2019-11-05 17:40:07.553,21.907,8,False
2019-11-05 17:39:45.838,CHH,18,QA13,2019-11-05 17:40:04.165,18.327,3,False
2019-11-05 17:39:46.526,KOB,16,RA41,2019-11-05 17:40:13.104,26.578,14,False
2019-11-05 17:39:46.980,TIK,7112B,RA44,2019-11-05 17:41:26.181,99.201,0,False
2019-11-05 17:39:46.981,YAT,7009,GA45,2019-11-05 17:40:00.112,13.131,13,False
2019-11-05 17:39:47.233,KWT,6011,GA19,2019-11-05 17:40:04.962,17.729,4,False
2019-11-05 17:39:47.432,TIK,7112A,RA44,2019-11-05 17:41:33.412,105.98,94,True
2019-11-05 17:39:47.556,TIK,7115,GA17,2019-11-05 17:39:58.170,10.614,0,False
2019-11-05 17:39:47.644,YAT,7001,GA18,2019-11-05 17:40:13.130,25.486,13,False
2019-11-05 17:39:47.830,TIK,7104,QA16,2019-11-05 17:40:03.369,15.539,12,False
2019-11-05 17:39:48.230,TIK,7149,GA17,2019-11-05 17:40:03.369,15.139,0,False
2019-11-05 17:39:48.570,TIK,7120,GA17,2019-11-05 17:40:12.333,23.763,,False
2019-11-05 17:39:48.570,KOT,08,RA11,2019-11-05 17:41:09.108,80.538,9,False
2019-11-05 17:39:48.570,HOM,11,GA06,2019-11-05 17:40:50.184,61.614,42,True
2019-11-05 17:39:49.424,CHH,20,QA13,2019-11-05 17:40:11.083,21.659,6,False
2019-11-05 17:39:49.645,LOF,03,GA03,2019-11-05 17:40:07.553,17.908,6,False
2019-11-05 17:39:49.822,WTS,05,GA02,2019-11-05 17:41:04.527,74.705,60,True
2019-11-05 17:39:50.569,NTK,03,GA20,2019-11-05 17:40:02.173,11.604,2,False
2019-11-05 17:39:51.011,KOB,03,GA46,2019-11-05 17:40:32.653,41.642,9,False
2019-11-05 17:39:52.014,KWT,6013,GA19,2019-11-05 17:40:14.492,22.478,9,False
2019-11-05 17:39:52.663,NTK,05,GA20,2019-11-05 17:40:10.695,18.032,8,False
2019-11-05 17:39:53.158,NTK,12,QA14,2019-11-05 17:40:05.162,12.004,3,False
2019-11-05 17:39:53.607,WTS,08,RA12,2019-11-05 17:41:18.073,84.466,14,False
2019-11-05 17:39:53.808,HOM,02,RA08,2019-11-05 17:40:26.676,32.868,20,False
2019-11-05 17:39:54.006,LOF,10,QA40,2019-11-05 17:41:03.132,69.126,54,True
2019-11-05 17:39:54.579,SKM,06,QA10,2019-11-05 17:40:16.517,21.938,8,False
2019-11-05 17:39:56.197,DIH,02,QA13,2019-11-05 17:40:23.688,27.491,9,False
2019-11-05 17:39:56.198,NTK,14,QA14,2019-11-05 17:40:10.695,14.497,5,False
2019-11-05 17:39:56.596,LOF,05,GA03,2019-11-05 17:40:21.098,24.502,7,False
2019-11-05 17:39:57.791,KOT,10,RA11,2019-11-05 17:41:19.069,81.278,67,True
2019-11-05 17:39:59.982,TIK,7122,QA17,2019-11-05 17:40:50.183,50.201,39,False
2019-11-05 17:40:00.181,TIK,7101,GA45,2019-11-05 17:40:34.246,34.065,21,False
2019-11-05 17:40:00.380,TIK,7102,QA16,2019-11-05 17:40:14.127,13.747,7,False
2019-11-05 17:40:00.779,YAT,7003A,GA18,2019-11-05 17:41:05.323,64.544,6,False
2019-11-05 17:40:00.978,KOB,05,GA46,2019-11-05 17:40:45.203,44.225,30,False
2019-11-05 17:40:00.979,NTK,07,GA20,2019-11-05 17:40:23.090,22.111,7,False
2019-11-05 17:40:01.178,CHH,02,RA41,2019-11-05 17:40:26.079,24.901,14,False
2019-11-05 17:40:01.576,KWT,6015,GA19,2019-11-05 17:40:26.278,24.702,15,False
2019-11-05 17:40:01.775,YMT,37,GA05,2019-11-05 17:40:22.094,20.319,6,False
2019-11-05 17:40:01.975,KOB,02,QA14,2019-11-05 17:40:18.510,16.535,7,False
2019-11-05 17:40:03.569,SKM,08,QA10,2019-11-05 17:40:30.660,27.091,8,False
2019-11-05 17:40:03.767,LOF,07,GA03,2019-11-05 17:41:13.086,69.319,10,False
2019-11-05 17:40:04.763,HOM,21,GA37,2019-11-05 17:40:40.164,35.401,21,False
2019-11-05 17:40:06.158,DIH,04,QA13,2019-11-05 17:40:34.645,28.487,10,False
2019-11-05 17:40:07.552,SKM,15,GA36,2019-11-05 17:40:31.656,24.104,13,False
2019-11-05 17:40:07.752,YAT,7003B,GA18,2019-11-05 17:41:10.105,62.353,0,False
2019-11-05 17:40:07.950,YAT,7012,QA16,2019-11-05 17:40:35.218,27.268,20,False
2019-11-05 17:40:07.950,YAT,7003C,GA18,2019-11-05 17:41:13.291,65.341,0,False
2019-11-05 17:40:08.078,WTS,10,RA12,2019-11-05 17:41:26.603,78.525,67,True
2019-11-05 17:40:08.078,YAT,7004,QA42,2019-11-05 17:40:27.274,19.196,9,False
2019-11-05 17:40:08.672,YMT,39,GA05,2019-11-05 17:40:28.994,20.322,6,False
2019-11-05 17:40:08.947,NTK,09,GA20,2019-11-05 17:41:23.650,74.703,10,False
2019-11-05 17:40:08.947,YAT,7003D,GA18,2019-11-05 17:41:16.678,67.731,52,True
2019-11-05 17:40:09.743,KOB,04,QA14,2019-11-05 17:40:27.044,17.301,7,False
2019-11-05 17:40:11.138,HOM,14,QA38,2019-11-05 17:40:32.453,21.315,8,False
2019-11-05 17:40:12.134,SKM,10,QA10,2019-11-05 17:41:22.058,69.924,11,False
2019-11-05 17:40:14.325,HOM,04,RA08,2019-11-05 17:40:41.816,27.491,14,False
2019-11-05 17:40:14.725,LOF,09,GA03,2019-11-05 17:41:22.058,67.333,56,True
2019-11-05 17:40:15.321,YMT,41,GA05,2019-11-05 17:40:38.231,22.91,10,False
2019-11-05 17:40:15.919,CHH,04,RA41,2019-11-05 17:40:39.226,23.307,12,False
2019-11-05 17:40:16.317,DIH,06,QA13,2019-11-05 17:40:56.159,39.842,17,False
2019-11-05 17:40:17.026,KOB,06,QA14,2019-11-05 17:40:42.015,24.989,8,False
2019-11-05 17:40:17.313,YAT,7002,QA42,2019-11-05 17:40:34.246,16.933,6,False
2019-11-05 17:40:17.313,LAT,6101,GA19,2019-11-05 17:40:28.270,10.957,0,False
2019-11-05 17:40:17.513,LAT,6103,GA19,2019-11-05 17:40:46.200,28.687,10,False
2019-11-05 17:40:19.505,HOM,16,QA38,2019-11-05 17:40:35.840,16.335,3,False
2019-11-05 17:40:19.704,NTK,11,GA20,2019-11-05 17:41:33.013,73.309,61,True
2019-11-05 17:40:21.298,SKM,17,GA36,2019-11-05 17:40:39.625,18.327,9,False
2019-11-05 17:40:21.696,TIK,7103,GA45,2019-11-05 17:40:52.176,30.48,18,False
2019-11-05 17:40:22.692,HOM,18,QA38,2019-11-05 17:40:38.828,16.136,3,False
2019-11-05 17:40:23.290,SKM,01,GA04,2019-11-05 17:40:49.187,25.897,11,False
2019-11-05 17:40:23.291,SKM,12,QA10,2019-11-05 17:41:34.578,71.287,55,True
2019-11-05 17:40:23.887,LAT,6112,QA42,2019-11-05 17:41:08.312,44.425,24,False
2019-11-05 17:40:25.049,MOK,42,QA39,2019-11-05 17:40:48.110,23.061,8,False
2019-11-05 17:40:25.481,MOK,31,GA05,2019-11-05 17:40:46.199,20.718,7,False
2019-11-05 17:40:25.680,KOB,08,QA14,2019-11-05 17:41:40.583,74.903,11,False
2019-11-05 17:40:26.080,YMT,31,GA37,2019-11-05 17:40:52.175,26.095,12,False
2019-11-05 17:40:26.669,HOM,20,QA38,2019-11-05 17:40:49.984,23.315,,False
2019-11-05 17:40:27.275,KWT,6006,RA15,2019-11-05 17:40:49.585,22.31,7,False
2019-11-05 17:40:28.271,CHH,06,RA41,2019-11-05 17:40:48.589,20.318,7,False
2019-11-05 17:40:28.469,YAT,7010,QA16,2019-11-05 17:40:51.179,22.71,11,False
2019-11-05 17:40:28.470,LAT,6105,GA19,2019-11-05 17:41:42.177,73.707,61,True
2019-11-05 17:40:28.994,HOM,20,GA38,2019-11-05 17:40:49.984,20.99,9,False
2019-11-05 17:40:29.266,HOM,06,RA08,2019-11-05 17:41:04.327,35.061,19,False
2019-11-05 17:40:31.059,SKM,19,GA36,2019-11-05 17:40:46.199,15.14,5,False
2019-11-05 17:40:31.258,HOM,13,GA06,2019-11-05 17:40:54.167,22.909,6,False
2019-11-05 17:40:31.458,KOB,07,GA46,2019-11-05 17:41:04.526,33.068,15,False
2019-11-05 17:40:33.223,MOK,33,GA05,2019-11-05 17:41:01.140,27.917,9,False
2019-11-05 17:40:33.223,MOK,44,QA39,2019-11-05 17:40:53.570,20.347,5,False
2019-11-05 17:40:33.447,CHH,13A,GA01,2019-11-05 17:40:58.550,25.103,14,False
2019-11-05 17:40:33.447,DIH,08,QA13,2019-11-05 17:41:45.565,72.118,14,False
2019-11-05 17:40:33.650,MOK,32B,RA09,2019-11-05 17:40:56.559,22.909,7,False
2019-11-05 17:40:34.445,KWT,6004,RA15,2019-11-05 17:40:53.543,19.098,5,False
2019-11-05 17:40:35.219,SKM,03,GA04,2019-11-05 17:40:57.498,22.279,9,False
2019-11-05 17:40:36.044,CHH,08,RA41,2019-11-05 17:40:59.546,23.502,5,False
2019-11-05 17:40:36.637,SKM,21,GA36,2019-11-05 17:40:51.578,14.941,6,False
2019-11-05 17:40:37.235,KOB,10,QA14,2019-11-05 17:41:51.541,74.306,61,True
2019-11-05 17:40:37.832,HOM,15,GA06,2019-11-05 17:41:06.121,28.289,14,False
2019-11-05 17:40:38.422,YMT,33,GA37,2019-11-05 17:41:02.654,24.232,5,False
2019-11-05 17:40:38.430,MOK,46,QA39,2019-11-05 17:41:03.531,25.101,11,False
2019-11-05 17:40:38.629,WHA,02,GA38,2019-11-05 17:40:57.497,18.868,6,False
2019-11-05 17:40:39.824,TIK,7120,QA17,2019-11-05 17:40:59.347,19.523,1,False
2019-11-05 17:40:40.043,TIK,7105,GA45,2019-11-05 17:41:05.323,25.28,3,False
2019-11-05 17:40:40.164,KWT,6002,RA15,2019-11-05 17:41:02.933,22.769,11,False
2019-11-05 17:40:40.164,YAT,7008,QA16,2019-11-05 17:41:06.319,26.155,17,False
2019-11-05 17:40:41.219,MOK,34A,RA09,2019-11-05 17:41:02.533,21.314,7,False
2019-11-05 17:40:41.617,CHH,10,RA41,2019-11-05 17:41:55.084,73.467,56,True
2019-11-05 17:40:41.762,TIK,7118,QA17,2019-11-05 17:41:10.304,28.542,4,False
2019-11-05 17:40:42.812,MOK,35,GA05,2019-11-05 17:41:56.122,73.31,10,False
2019-11-05 17:40:43.592,KOT,01,GA36,2019-11-05 17:40:57.498,13.906,5,False
2019-11-05 17:40:44.008,TIK,7107,GA45,2019-11-05 17:41:16.678,32.67,17,False
2019-11-05 17:40:44.187,YMT,35,GA37,2019-11-05 17:42:25.207,101.02,84,True
2019-11-05 17:40:44.406,SKM,05,GA04,2019-11-05 17:41:06.659,22.253,8,False
2019-11-05 17:40:45.204,WHA,04,GA38,2019-11-05 17:41:10.677,25.473,6,False
2019-11-05 17:40:46.000,DIH,07,GA35,2019-11-05 17:41:10.503,24.503,8,False
2019-11-05 17:40:46.597,TIK,7116,QA17,2019-11-05 17:41:45.364,58.767,14,False
2019-11-05 17:40:47.394,KOB,09,GA46,2019-11-05 17:41:56.520,69.126,53,True
2019-11-05 17:40:47.593,CHH,15,GA01,2019-11-05 17:41:06.659,19.066,7,False
2019-11-05 17:40:47.793,DIH,10,QA13,2019-11-05 17:41:54.528,66.735,54,True
2019-11-05 17:40:48.111,LAT,6110,QA42,2019-11-05 17:41:30.224,42.113,26,False
2019-11-05 17:40:48.390,MOK,34B,RA09,2019-11-05 17:41:08.112,19.722,6,False
2019-11-05 17:40:48.659,LOF,12,QA40,2019-11-05 17:41:14.686,26.027,14,False
2019-11-05 17:40:48.988,HOM,08,RA08,2019-11-05 17:41:38.182,49.194,26,False
2019-11-05 17:40:49.188,KOT,03,GA36,2019-11-05 17:41:03.531,14.343,5,False
2019-11-05 17:40:49.785,YMT,32,QA39,2019-11-05 17:41:12.096,22.311,7,False
2019-11-05 17:40:49.984,WTS,07,GA02,2019-11-05 17:41:13.690,23.706,13,False
2019-11-05 17:40:51.378,NTK,02,RA15,2019-11-05 17:41:08.648,17.27,7,False
2019-11-05 17:40:51.936,WHA,06,GA38,2019-11-05 17:43:51.067,179.131,162,True
2019-11-05 17:40:51.976,HOM,17,GA06,2019-11-05 17:41:25.842,33.866,22,False
2019-11-05 17:40:52.972,MOK,37,GA05,2019-11-05 17:42:01.049,68.077,52,True
2019-11-05 17:40:53.171,SKM,07,GA04,2019-11-05 17:41:15.425,22.254,8,False
2019-11-05 17:40:54.566,HOM,05,GA07,2019-11-05 17:41:19.025,24.459,9,False
2019-11-05 17:40:54.766,DIH,09,GA35,2019-11-05 17:41:21.658,26.892,12,False
2019-11-05 17:40:54.964,MOK,36,RA09,2019-11-05 17:41:28.008,33.044,12,False
2019-11-05 17:40:55.163,KOT,05,GA36,2019-11-05 17:41:10.503,15.34,5,False
2019-11-05 17:40:55.488,CHH,17,GA01,2019-11-05 17:41:14.686,19.198,7,False
2019-11-05 17:40:57.498,YMT,34,QA39,2019-11-05 17:41:14.088,16.59,2,False
2019-11-05 17:40:57.753,YAT,7006C,QA16,2019-11-05 17:43:18.197,140.444,3,False
2019-11-05 17:40:59.347,NTK,04,RA15,2019-11-05 17:41:24.248,24.901,7,False
2019-11-05 17:40:59.944,YMT,36,QA39,2019-11-05 17:41:22.256,22.312,4,False
2019-11-05 17:41:01.141,KOT,07,GA36,2019-11-05 17:41:24.248,23.107,6,False
2019-11-05 17:41:01.340,TIK,7109A,GA45,2019-11-05 17:42:21.222,79.882,3,False
2019-11-05 17:41:01.452,YAT,7006B,QA16,2019-11-05 17:43:24.153,142.701,0,False
2019-11-05 17:41:01.538,TIK,7114,QA17,2019-11-05 17:42:02.083,60.545,38,False
2019-11-05 17:41:01.641,YAT,7006A,QA16,2019-11-05 17:43:30.349,148.708,131,True
2019-11-05 17:41:01.641,YAT,7005,GA18,2019-11-05 17:41:22.256,20.615,9,False
2019-11-05 17:41:01.937,SKM,09,GA04,2019-11-05 17:41:19.666,17.729,4,False
2019-11-05 17:41:02.532,CHH,19,GA01,2019-11-05 17:41:22.058,19.526,7,False
2019-11-05 17:41:03.132,LOF,14,QA40,2019-11-05 17:41:24.646,21.514,9,False
2019-11-05 17:41:03.729,HOM,07,GA07,2019-11-05 17:41:28.445,24.716,4,False
2019-11-05 17:41:03.929,WTS,09,GA02,2019-11-05 17:41:21.658,17.729,9,False
2019-11-05 17:41:04.925,TIK,7109B,GA45,2019-11-05 17:42:26.203,81.278,6,False
2019-11-05 17:41:04.926,YMT,38,QA39,2019-11-05 17:41:30.026,25.1,4,False
2019-11-05 17:41:05.721,KOT,12,RA11,2019-11-05 17:41:30.623,24.902,13,False
2019-11-05 17:41:06.120,SKM,11,GA04,2019-11-05 17:41:28.009,21.889,4,False
2019-11-05 17:41:06.659,NTK,06,RA15,2019-11-05 17:42:26.203,79.544,63,True
2019-11-05 17:41:07.275,KOT,09,GA36,2019-11-05 17:42:35.167,87.892,71,True
2019-11-05 17:41:07.276,CHH,01,GA35,2019-11-05 17:41:29.615,22.339,8,False
2019-11-05 17:41:07.714,MOK,38,RA09,2019-11-05 17:42:38.675,90.961,11,False
2019-11-05 17:41:08.112,HOM,09,GA07,2019-11-05 17:42:35.765,87.653,8,False
2019-11-05 17:41:09.109,YMT,40,QA39,2019-11-05 17:42:25.605,76.496,60,True
2019-11-05 17:41:09.905,CHH,21,GA01,2019-11-05 17:41:30.025,20.12,8,False
2019-11-05 17:41:10.677,SKM,13,GA04,2019-11-05 17:42:23.214,72.537,57,True
2019-11-05 17:41:11.059,YAT,7007,GA18,2019-11-05 17:41:45.364,34.305,28,False
2019-11-05 17:41:11.299,TIK,7109C,GA45,2019-11-05 17:42:32.117,80.818,69,True
2019-11-05 17:41:11.698,LOF,11,GA03,2019-11-05 17:41:31.022,19.324,11,False
2019-11-05 17:41:12.893,KOT,02,QA40,2019-11-05 17:41:33.612,20.719,9,False
2019-11-05 17:41:13.491,WTS,11,GA02,2019-11-05 17:41:30.026,16.535,6,False
2019-11-05 17:41:14.288,HOM,19,GA06,2019-11-05 17:41:48.353,34.065,21,False
2019-11-05 17:41:14.885,LAT,6108,QA42,2019-11-05 17:41:45.364,30.479,9,False
2019-11-05 17:41:15.425,HOM,10,RA08,2019-11-05 17:42:36.362,80.937,9,False
2019-11-05 17:41:15.425,WTS,12,RA12,2019-11-05 17:41:36.201,20.776,10,False
2019-11-05 17:41:16.080,CHH,03,GA35,2019-11-05 17:41:35.603,19.523,5,False
2019-11-05 17:41:16.280,HOM,11,GA07,2019-11-05 17:42:45.129,88.849,70,True
2019-11-05 17:41:18.073,KOB,01,GA01,2019-11-05 17:41:39.190,21.117,7,False
2019-11-05 17:41:19.269,SKM,14,QA10,2019-11-05 17:41:42.528,23.259,8,False
2019-11-05 17:41:19.448,MOK,40,RA09,2019-11-05 17:42:45.527,86.079,69,True
2019-11-05 17:41:19.666,KOT,14,RA11,2019-11-05 17:41:40.185,20.519,9,False
2019-11-05 17:41:19.667,DIH,01,GA02,2019-11-05 17:41:41.579,21.912,7,False
2019-11-05 17:41:20.861,NTK,13,GA20,2019-11-05 17:41:41.979,21.118,10,False
2019-11-05 17:41:21.459,TIK,7110,RA44,2019-11-05 17:41:39.190,17.731,8,False
2019-11-05 17:41:21.858,CHH,05,GA35,2019-11-05 17:41:41.979,20.121,7,False
2019-11-05 17:41:22.708,KOT,04,QA40,2019-11-05 17:41:43.173,20.465,8,False
2019-11-05 17:41:22.960,LOF,13,GA03,2019-11-05 17:41:39.587,16.627,7,False
2019-11-05 17:41:24.647,LAT,6106,QA42,2019-11-05 17:42:41.343,76.696,5,False
2019-11-05 17:41:25.244,HOM,12,RA08,2019-11-05 17:42:44.730,79.486,60,True
2019-11-05 17:41:25.643,KOB,03,GA01,2019-11-05 17:41:50.544,24.901,8,False
2019-11-05 17:41:25.643,WTS,14,RA12,2019-11-05 17:41:43.174,17.531,7,False
2019-11-05 17:41:26.796,DIH,03,GA02,2019-11-05 17:42:34.171,67.375,8,False
2019-11-05 17:41:27.635,SKM,16,QA10,2019-11-05 17:41:47.556,19.921,5,False
2019-11-05 17:41:28.830,KOT,16,RA11,2019-11-05 17:41:49.149,20.319,8,False
2019-11-05 17:41:29.029,CHH,07,GA35,2019-11-05 17:41:45.092,16.063,2,False
2019-11-05 17:41:29.616,LAT,6107,GA19,2019-11-05 17:41:48.148,18.532,10,False
2019-11-05 17:41:29.826,TIK,7108,RA44,2019-11-05 17:41:46.161,16.335,9,False
2019-11-05 17:41:30.025,LAT,6104,QA42,2019-11-05 17:42:48.315,78.29,62,True
2019-11-05 17:41:30.225,WTS,01,GA03,2019-11-05 17:41:49.149,18.924,10,False
2019-11-05 17:41:30.823,KOT,06,QA40,2019-11-05 17:41:57.118,26.295,7,False
2019-11-05 17:41:31.818,CHH,09B,GA35,2019-11-05 17:42:02.083,30.265,10,False
2019-11-05 17:41:31.818,NTK,15,GA20,2019-11-05 17:41:50.545,18.727,9,False
2019-11-05 17:41:32.957,SKM,18,QA10,2019-11-05 17:41:57.517,24.56,11,False
2019-11-05 17:41:32.958,LOF,02,RA12,2019-11-05 17:41:52.536,19.578,6,False
2019-11-05 17:41:34.578,KOB,05,GA01,2019-11-05 17:42:11.063,36.485,15,False
2019-11-05 17:41:35.603,DIH,05,GA02,2019-11-05 17:42:44.132,68.529,54,True
2019-11-05 17:41:35.802,HOM,21,GA06,2019-11-05 17:42:28.394,52.592,23,False
2019-11-05 17:41:37.595,SKM,02,RA11,2019-11-05 17:41:58.114,20.519,7,False
2019-11-05 17:41:38.193,CHH,12,RA41,2019-11-05 17:42:01.048,22.855,9,False
2019-11-05 17:41:38.575,KOT,08,QA40,2019-11-05 17:43:07.240,88.665,10,False
2019-11-05 17:41:38.728,KOB,12,QA14,2019-11-05 17:42:03.692,24.964,12,False
2019-11-05 17:41:39.190,LOF,04,RA12,2019-11-05 17:42:03.023,23.833,7,False
2019-11-05 17:41:39.786,TIK,7106,RA44,2019-11-05 17:42:06.282,26.496,19,False
2019-11-05 17:41:39.986,YAT,7009,GA18,2019-11-05 17:42:00.305,20.319,19,False
2019-11-05 17:41:39.986,TIK,7112C,QA17,2019-11-05 17:43:59.234,139.248,19,False
2019-11-05 17:41:40.186,LAT,6109,GA19,2019-11-05 17:42:12.106,31.92,24,False
2019-11-05 17:41:40.384,WTS,03,GA03,2019-11-05 17:42:04.677,24.293,5,False
2019-11-05 17:41:40.583,KOB,11,GA46,2019-11-05 17:42:06.082,25.499,14,False
2019-11-05 17:41:41.380,KWT,6001,GA20,2019-11-05 17:42:00.903,19.523,6,False
2019-11-05 17:41:41.979,DIH,12,QA13,2019-11-05 17:42:05.087,23.108,10,False
2019-11-05 17:41:42.131,CHH,11,GA35,2019-11-05 17:42:54.092,71.961,57,True
2019-11-05 17:41:44.693,SKM,20,QA10,2019-11-05 17:42:11.063,26.37,13,False
2019-11-05 17:41:45.166,MOK,39,GA05,2019-11-05 17:42:06.680,21.514,7,False
2019-11-05 17:41:45.365,SKM,04,RA11,2019-11-05 17:42:07.079,21.714,9,False
2019-11-05 17:41:46.162,WTS,05,GA03,2019-11-05 17:43:01.026,74.864,59,True
2019-11-05 17:41:46.957,LOF,06,RA12,2019-11-05 17:42:21.023,34.066,11,False
2019-11-05 17:41:47.513,CHH,14,RA41,2019-11-05 17:42:07.676,20.163,6,False
2019-11-05 17:41:47.513,KWT,6003,GA20,2019-11-05 17:42:05.485,17.972,3,False
2019-11-05 17:41:49.149,KOT,10,QA40,2019-11-05 17:43:17.599,88.45,75,True
2019-11-05 17:41:49.747,KOB,07,GA01,2019-11-05 17:42:32.116,42.369,22,False
2019-11-05 17:41:50.942,KOB,14,QA14,2019-11-05 17:42:15.644,24.702,10,False
2019-11-05 17:41:51.341,KWT,6005,GA20,2019-11-05 17:42:17.039,25.698,6,False
2019-11-05 17:41:52.461,MOK,41,GA05,2019-11-05 17:42:11.461,19.0,5,False
2019-11-05 17:41:52.935,WTS,02,QA13,2019-11-05 17:42:15.034,22.099,8,False
2019-11-05 17:41:54.130,CHH,16,RA41,2019-11-05 17:42:12.105,17.975,4,False
2019-11-05 17:41:54.528,SKM,06,RA11,2019-11-05 17:42:16.044,21.516,8,False
2019-11-05 17:41:55.083,KOB,13,GA46,2019-11-05 17:42:15.034,19.951,10,False
2019-11-05 17:41:57.715,SKM,22A,QA10,2019-11-05 17:42:16.640,18.925,1,False
2019-11-05 17:41:57.915,KWT,6007,GA20,2019-11-05 17:43:24.153,86.238,67,True
2019-11-05 17:41:58.115,MOK,43,GA05,2019-11-05 17:42:16.043,17.928,5,False
2019-11-05 17:41:58.685,LOF,08,RA12,2019-11-05 17:43:23.177,84.492,15,False
2019-11-05 17:41:58.712,CHH,18,RA41,2019-11-05 17:42:16.640,17.928,3,False
2019-11-05 17:41:59.047,TIK,7112B,QA17,2019-11-05 17:44:01.178,122.131,0,False
2019-11-05 17:41:59.048,TIK,7101,GA18,2019-11-05 17:42:34.171,35.123,21,False
2019-11-05 17:41:59.309,TIK,7112A,QA17,2019-11-05 17:44:07.203,127.894,114,True
2019-11-05 17:41:59.310,TIK,7104,RA44,2019-11-05 17:42:17.238,17.928,8,False
2019-11-05 17:41:59.508,SKM,22B,QA10,2019-11-05 17:43:11.623,72.115,4,False
2019-11-05 17:41:59.708,YMT,31,GA06,2019-11-05 17:42:48.116,48.408,29,False
2019-11-05 17:42:01.048,KOB,16,QA14,2019-11-05 17:42:27.000,25.952,14,False
2019-11-05 17:42:01.837,WTS,04,QA13,2019-11-05 17:42:25.605,23.768,8,False
2019-11-05 17:42:02.497,CHH,20,RA41,2019-11-05 17:42:23.214,20.717,5,False
2019-11-05 17:42:03.023,SKM,08,RA11,2019-11-05 17:42:29.589,26.566,8,False
2019-11-05 17:42:03.693,MOK,45,GA05,2019-11-05 17:42:35.167,31.474,11,False
2019-11-05 17:42:04.090,SKM,22C,QA10,2019-11-05 17:43:17.003,72.913,4,False
2019-11-05 17:42:04.289,YAT,7001,GA19,2019-11-05 17:42:35.366,31.077,16,False
2019-11-05 17:42:05.086,KOB,15,GA46,2019-11-05 17:42:22.617,17.531,8,False
2019-11-05 17:42:07.875,TIK,7102,RA44,2019-11-05 17:42:30.187,22.312,13,False
2019-11-05 17:42:07.875,SKM,15,GA04,2019-11-05 17:42:30.585,22.71,12,False
2019-11-05 17:42:08.274,YMT,37,GA37,2019-11-05 17:42:28.593,20.319,6,False
2019-11-05 17:42:08.456,MOK,32A,QA10,2019-11-05 17:43:23.177,74.721,56,True
2019-11-05 17:42:08.473,DIH,02,RA41,2019-11-05 17:42:35.167,26.694,10,False
2019-11-05 17:42:09.668,YMT,42,QA39,2019-11-05 17:42:30.187,20.519,8,False
2019-11-05 17:42:10.067,NTK,08,RA15,2019-11-05 17:42:35.567,25.5,14,False
2019-11-05 17:42:10.465,WTS,06,QA13,2019-11-05 17:42:41.542,31.077,9,False
2019-11-05 17:42:11.262,SKM,10,RA11,2019-11-05 17:43:23.576,72.314,11,False
2019-11-05 17:42:12.458,KOB,09,GA01,2019-11-05 17:43:26.166,73.708,57,True
2019-11-05 17:42:13.453,NTK,01,GA46,2019-11-05 17:42:28.192,14.739,5,False
2019-11-05 17:42:14.051,LOF,10,RA12,2019-11-05 17:43:34.121,80.07,66,True
2019-11-05 17:42:15.033,YMT,39,GA37,2019-11-05 17:42:35.567,20.534,6,False
2019-11-05 17:42:15.047,MOK,47,GA05,2019-11-05 17:43:52.653,97.606,79,True
2019-11-05 17:42:15.246,CHH,02,QA14,2019-11-05 17:42:40.546,25.3,14,False
2019-11-05 17:42:18.036,YMT,44,QA39,2019-11-05 17:42:41.543,23.507,12,False
2019-11-05 17:42:18.845,DIH,04,RA41,2019-11-05 17:42:45.527,26.682,8,False
2019-11-05 17:42:19.230,KOT,11,GA36,2019-11-05 17:42:43.534,24.304,14,False
2019-11-05 17:42:19.429,NTK,03,GA46,2019-11-05 17:42:30.585,11.156,1,False
2019-11-05 17:42:19.629,WTS,08,QA13,2019-11-05 17:43:50.072,90.443,15,False
2019-11-05 17:42:20.426,TIK,7111,GA45,2019-11-05 17:42:38.355,17.929,5,False
2019-11-05 17:42:20.426,SKM,17,GA04,2019-11-05 17:42:38.675,18.249,9,False
2019-11-05 17:42:20.844,YAT,7003A,GA19,2019-11-05 17:43:24.153,63.309,2,False
2019-11-05 17:42:21.023,TIK,7103,GA18,2019-11-05 17:42:54.277,33.254,21,False
2019-11-05 17:42:21.023,YAT,7012,RA44,2019-11-05 17:42:54.093,33.07,22,False
2019-11-05 17:42:21.222,NTK,05,GA46,2019-11-05 17:42:38.675,17.453,7,False
2019-11-05 17:42:21.820,YMT,41,GA37,2019-11-05 17:42:46.125,24.305,10,False
2019-11-05 17:42:22.617,SKM,12,RA11,2019-11-05 17:43:36.126,73.509,57,True
2019-11-05 17:42:23.812,YAT,7003B,GA19,2019-11-05 17:43:30.349,66.537,1,False
2019-11-05 17:42:24.610,NTK,10,RA15,2019-11-05 17:42:44.132,19.522,10,False
2019-11-05 17:42:25.804,YAT,7003C,GA19,2019-11-05 17:43:32.341,66.537,5,False
2019-11-05 17:42:25.804,TIK,7113,GA45,2019-11-05 17:42:54.277,28.473,17,False
2019-11-05 17:42:25.990,HOM,14,RA08,2019-11-05 17:42:50.506,24.516,8,False
2019-11-05 17:42:26.601,HOM,13,GA07,2019-11-05 17:42:50.307,23.706,5,False
2019-11-05 17:42:27.797,DIH,06,RA41,2019-11-05 17:43:05.646,37.849,16,False
2019-11-05 17:42:28.394,NTK,07,GA46,2019-11-05 17:42:50.655,22.261,8,False
2019-11-05 17:42:28.983,YMT,33,GA06,2019-11-05 17:42:58.651,29.668,9,False
2019-11-05 17:42:29.191,MOK,42,RA09,2019-11-05 17:42:52.654,23.463,8,False
2019-11-05 17:42:29.788,DIH,07,GA02,2019-11-05 17:42:52.100,22.312,9,False
2019-11-05 17:42:29.989,CHH,04,QA14,2019-11-05 17:42:53.694,23.705,12,False
2019-11-05 17:42:30.386,SKM,19,GA04,2019-11-05 17:42:45.128,14.742,5,False
2019-11-05 17:42:30.784,HOM,02,QA39,2019-11-05 17:43:05.049,34.265,21,False
2019-11-05 17:42:31.382,YAT,7003D,GA19,2019-11-05 17:43:35.130,63.748,49,True
2019-11-05 17:42:31.980,MOK,31,GA37,2019-11-05 17:42:54.093,22.113,9,False
2019-11-05 17:42:32.378,HOM,15,GA07,2019-11-05 17:43:02.650,30.272,14,False
2019-11-05 17:42:32.976,LAT,6102,QA42,2019-11-05 17:42:54.276,21.3,7,False
2019-11-05 17:42:33.374,CHH,28,RA43,2019-11-05 17:50:26.106,472.732,452,False
2019-11-05 17:42:33.973,KOT,13,GA36,2019-11-05 17:42:51.104,17.131,7,False
2019-11-05 17:42:34.370,HOM,22,RA08,2019-11-05 17:42:58.276,23.906,5,False
2019-11-05 17:42:34.752,WTS,10,QA13,2019-11-05 17:43:58.637,83.885,72,True
2019-11-05 17:42:34.966,NTK,12,RA15,2019-11-05 17:42:47.118,12.152,2,False
2019-11-05 17:42:36.164,SKM,21,GA04,2019-11-05 17:42:51.104,14.94,7,False
2019-11-05 17:42:37.160,NTK,09,GA46,2019-11-05 17:43:55.052,77.892,9,False
2019-11-05 17:42:37.559,NTK,14,RA15,2019-11-05 17:42:52.654,15.095,6,False
2019-11-05 17:42:38.155,MOK,44,RA09,2019-11-05 17:42:58.076,19.921,5,False
2019-11-05 17:42:38.753,YMT,35,GA06,2019-11-05 17:43:58.048,79.295,62,True
2019-11-05 17:42:39.351,CHH,13A,GA35,2019-11-05 17:43:04.053,24.702,12,False
2019-11-05 17:42:39.351,DIH,09,GA02,2019-11-05 17:43:01.026,21.675,9,False
2019-11-05 17:42:39.550,HOM,05,RA08,2019-11-05 17:43:05.049,25.499,3,False
2019-11-05 17:42:40.547,KWT,6016,QA42,2019-11-05 17:43:05.248,24.701,11,False
2019-11-05 17:42:41.344,MOK,33,GA37,2019-11-05 17:43:10.030,28.686,9,False
2019-11-05 17:42:41.940,KOT,15,GA36,2019-11-05 17:42:58.076,16.136,6,False
2019-11-05 17:42:42.539,CHH,06,QA14,2019-11-05 17:43:03.654,21.115,7,False
2019-11-05 17:42:42.680,HOM,03,RA08,2019-11-05 17:46:01.352,198.672,,False
2019-11-05 17:42:42.936,TIK,7105,GA18,2019-11-05 17:43:06.244,23.308,1,False
2019-11-05 17:42:43.071,TIK,7115,GA45,2019-11-05 17:42:58.277,15.206,0,False
2019-11-05 17:42:43.136,TIK,7149,GA45,2019-11-05 17:43:02.260,19.124,1,False
2019-11-05 17:42:43.335,YAT,7010,RA44,2019-11-05 17:43:36.325,52.99,21,False
2019-11-05 17:42:43.336,MOK,46,RA09,2019-11-05 17:43:07.639,24.303,10,False
2019-11-05 17:42:43.535,KOT,01,GA04,2019-11-05 17:42:57.080,13.545,4,False
2019-11-05 17:42:43.733,KOB,02,RA15,2019-11-05 17:43:00.666,16.933,7,False
2019-11-05 17:42:44.530,DIH,08,RA41,2019-11-05 17:43:55.051,70.521,12,False
2019-11-05 17:42:44.671,TIK,7120,GA45,2019-11-05 17:43:11.424,26.753,,False
2019-11-05 17:42:44.928,TIK,7107,GA18,2019-11-05 17:43:16.205,31.277,11,False
2019-11-05 17:42:46.124,WTS,07,GA03,2019-11-05 17:43:09.632,23.508,14,False
2019-11-05 17:42:46.522,TIK,7122,RA45,2019-11-05 17:43:49.274,62.752,47,False
2019-11-05 17:42:46.651,HOM,17,GA07,2019-11-05 17:43:22.380,35.729,24,False
2019-11-05 17:42:47.118,NTK,11,GA46,2019-11-05 17:44:05.211,78.093,64,True
2019-11-05 17:42:47.319,HOM,03,GA08,2019-11-05 17:46:01.352,194.033,175,False
2019-11-05 17:42:48.514,KOT,03,GA04,2019-11-05 17:43:03.654,15.14,6,False
2019-11-05 17:42:48.714,LOF,01,GA36,2019-11-05 17:43:04.650,15.936,6,False
2019-11-05 17:42:49.311,CHH,01,GA02,2019-11-05 17:43:07.639,18.328,7,False
2019-11-05 17:42:50.307,CHH,08,QA14,2019-11-05 17:43:14.611,24.304,5,False
2019-11-05 17:42:50.905,MOK,35,GA37,2019-11-05 17:44:17.163,86.258,9,False
2019-11-05 17:42:51.104,KOB,04,RA15,2019-11-05 17:43:08.236,17.132,7,False
2019-11-05 17:42:51.901,CHH,15,GA35,2019-11-05 17:43:11.995,20.094,7,False
2019-11-05 17:42:52.299,KWT,6014,QA42,2019-11-05 17:43:16.205,23.906,10,False
2019-11-05 17:42:52.499,HOM,04,QA39,2019-11-05 17:43:21.583,29.084,15,False
2019-11-05 17:42:53.893,YMT,32,RA09,2019-11-05 17:43:16.006,22.113,7,False
2019-11-05 17:42:54.690,KOT,05,GA04,2019-11-05 17:43:10.030,15.34,5,False
2019-11-05 17:42:54.890,LOF,03,GA36,2019-11-05 17:43:11.025,16.135,5,False
2019-11-05 17:42:55.686,CHH,10,QA14,2019-11-05 17:44:42.663,106.977,89,True
2019-11-05 17:42:56.084,TIK,7109A,GA18,2019-11-05 17:44:17.163,81.079,7,False
2019-11-05 17:42:56.656,CHH,03,GA02,2019-11-05 17:43:12.570,15.914,4,False
2019-11-05 17:42:56.657,DIH,10,RA41,2019-11-05 17:44:04.613,67.956,55,True
2019-11-05 17:42:58.724,KOB,06,RA15,2019-11-05 17:43:23.177,24.453,8,False
2019-11-05 17:42:59.869,CHH,17,GA35,2019-11-05 17:43:19.592,19.723,8,False
2019-11-05 17:43:00.268,LOF,05,GA36,2019-11-05 17:43:24.153,23.885,7,False
2019-11-05 17:43:00.268,KOT,07,GA04,2019-11-05 17:43:24.153,23.885,6,False
2019-11-05 17:43:00.268,WTS,09,GA03,2019-11-05 17:43:18.109,17.841,8,False
2019-11-05 17:43:00.800,MOK,37,GA37,2019-11-05 17:44:22.144,81.344,65,True
2019-11-05 17:43:01.438,YMT,34,RA09,2019-11-05 17:43:17.600,16.162,2,False
2019-11-05 17:43:01.625,CHH,05,GA02,2019-11-05 17:43:19.193,17.568,6,False
2019-11-05 17:43:02.650,KWT,6012,QA42,2019-11-05 17:43:26.364,23.714,10,False
2019-11-05 17:43:03.654,TIK,7109B,GA18,2019-11-05 17:44:22.343,78.689,8,False
2019-11-05 17:43:04.222,YMT,36,RA09,2019-11-05 17:43:25.569,21.347,5,False
2019-11-05 17:43:04.222,KOT,12,QA40,2019-11-05 17:43:29.553,25.331,13,False
2019-11-05 17:43:04.650,YAT,7008,RA44,2019-11-05 17:43:59.235,54.585,29,False
2019-11-05 17:43:04.962,MOK,32B,QA10,2019-11-05 17:43:27.561,22.599,7,False
2019-11-05 17:43:05.846,KWT,6009,GA20,2019-11-05 17:43:29.154,23.308,8,False
2019-11-05 17:43:06.844,KOT,09,GA04,2019-11-05 17:44:27.124,80.28,64,True
2019-11-05 17:43:07.030,KOB,08,RA15,2019-11-05 17:45:37.173,150.143,11,False
2019-11-05 17:43:07.639,LOF,07,GA36,2019-11-05 17:44:20.550,72.911,10,False
2019-11-05 17:43:07.844,CHH,07,GA02,2019-11-05 17:43:21.584,13.74,1,False
2019-11-05 17:43:08.038,CHH,19,GA35,2019-11-05 17:43:27.560,19.522,7,False
2019-11-05 17:43:08.435,HOM,06,QA39,2019-11-05 17:43:45.090,36.655,20,False
2019-11-05 17:43:09.233,YMT,38,RA09,2019-11-05 17:43:33.685,24.452,4,False
2019-11-05 17:43:09.233,WTS,11,GA03,2019-11-05 17:43:25.568,16.335,6,False
2019-11-05 17:43:09.632,CHH,09B,GA02,2019-11-05 17:43:38.119,28.487,9,False
2019-11-05 17:43:10.228,KOB,11,GA01,2019-11-05 17:43:36.126,25.898,14,False
2019-11-05 17:43:10.676,HOM,19,GA07,2019-11-05 17:43:45.688,35.012,23,False
2019-11-05 17:43:12.420,TIK,7109C,GA18,2019-11-05 17:44:28.120,75.7,62,True
2019-11-05 17:43:12.571,MOK,34A,QA10,2019-11-05 17:43:33.092,20.521,7,False
2019-11-05 17:43:13.256,YMT,40,RA09,2019-11-05 17:45:02.151,108.895,92,True
2019-11-05 17:43:13.416,KWT,6010,QA42,2019-11-05 17:43:42.501,29.085,8,False
2019-11-05 17:43:13.417,YAT,7004,QA16,2019-11-05 17:43:33.092,19.675,7,False
2019-11-05 17:43:14.412,KWT,6011,GA20,2019-11-05 17:43:34.134,19.722,5,False
2019-11-05 17:43:15.607,DIH,01,GA03,2019-11-05 17:43:37.720,22.113,6,False
2019-11-05 17:43:15.806,CHH,21,GA35,2019-11-05 17:43:35.528,19.722,7,False
2019-11-05 17:43:18.109,KOT,14,QA40,2019-11-05 17:43:39.058,20.949,9,False
2019-11-05 17:43:18.396,LOF,09,GA36,2019-11-05 17:44:29.516,71.12,60,True
2019-11-05 17:43:18.795,CHH,11,GA02,2019-11-05 17:44:39.077,80.282,65,True
2019-11-05 17:43:18.994,KOB,10,RA15,2019-11-05 17:45:47.606,148.612,137,True
2019-11-05 17:43:19.591,MOK,34B,QA10,2019-11-05 17:43:38.516,18.925,6,False
2019-11-05 17:43:19.945,SKM,14,RA11,2019-11-05 17:43:44.094,24.149,9,False
2019-11-05 17:43:20.189,LOF,12,RA12,2019-11-05 17:43:45.688,25.499,15,False
2019-11-05 17:43:20.388,KWT,6013,GA20,2019-11-05 17:43:43.259,22.871,9,False
2019-11-05 17:43:20.717,YAT,7005,GA19,2019-11-05 17:43:41.107,20.39,12,False
2019-11-05 17:43:20.987,YAT,7002,QA16,2019-11-05 17:43:40.708,19.721,12,False
2019-11-05 17:43:21.982,KWT,6008,QA42,2019-11-05 17:44:44.057,82.075,64,True
2019-11-05 17:43:22.580,DIH,03,GA03,2019-11-05 17:44:30.511,67.931,8,False
2019-11-05 17:43:23.576,KOB,01,GA35,2019-11-05 17:43:43.497,19.921,7,False
2019-11-05 17:43:24.572,KOB,13,GA01,2019-11-05 17:43:45.688,21.116,11,False
2019-11-05 17:43:26.563,MOK,36,QA10,2019-11-05 17:43:56.047,29.484,12,False
2019-11-05 17:43:27.161,KOT,16,QA40,2019-11-05 17:43:47.680,20.519,8,False
2019-11-05 17:43:28.557,HOM,08,QA39,2019-11-05 17:44:22.343,53.786,30,False
2019-11-05 17:43:28.954,SKM,16,RA11,2019-11-05 17:43:49.076,20.122,6,False
2019-11-05 17:43:29.552,KWT,6015,GA20,2019-11-05 17:43:55.051,25.499,12,False
2019-11-05 17:43:30.748,KOB,03,GA35,2019-11-05 17:43:51.067,20.319,9,False
2019-11-05 17:43:31.346,DIH,05,GA03,2019-11-05 17:44:40.073,68.727,55,True
2019-11-05 17:43:33.091,YAT,7007,GA19,2019-11-05 17:44:05.212,32.121,35,False
2019-11-05 17:43:33.138,LAT,6112,QA16,2019-11-05 17:44:11.187,38.049,21,False
2019-11-05 17:43:33.735,YAT,7006C,RA44,2019-11-05 17:44:53.022,79.287,8,False
2019-11-05 17:43:34.120,TIK,7120,RA45,2019-11-05 17:43:59.235,25.115,8,False
2019-11-05 17:43:34.333,WHA,04,GA38,2019-11-05 17:44:00.828,26.495,10,False
2019-11-05 17:43:34.496,HOM,21,GA07,2019-11-05 17:44:14.375,39.879,22,False
2019-11-05 17:43:34.732,SKM,01,GA05,2019-11-05 17:44:00.629,25.897,12,False
2019-11-05 17:43:35.329,SKM,18,RA11,2019-11-05 17:43:59.046,23.717,10,False
2019-11-05 17:43:35.528,LOF,14,RA12,2019-11-05 17:43:55.649,20.121,8,False
2019-11-05 17:43:35.727,KOB,15,GA01,2019-11-05 17:43:56.610,20.883,8,False
2019-11-05 17:43:35.927,SKM,02,QA40,2019-11-05 17:43:56.610,20.683,7,False
2019-11-05 17:43:39.058,MOK,38,QA10,2019-11-05 17:44:53.619,74.561,9,False
2019-11-05 17:43:40.508,KOB,05,GA35,2019-11-05 17:44:01.047,20.539,10,False
2019-11-05 17:43:41.506,YMT,37,GA06,2019-11-05 17:44:02.047,20.541,6,False
2019-11-05 17:43:42.302,TIK,7118,RA45,2019-11-05 17:44:05.012,22.71,4,False
2019-11-05 17:43:42.502,LAT,6101,GA20,2019-11-05 17:44:00.230,17.728,3,False
2019-11-05 17:43:42.647,YAT,7006B,RA44,2019-11-05 17:44:58.400,75.753,11,False
2019-11-05 17:43:43.895,SKM,04,QA40,2019-11-05 17:44:05.572,21.677,8,False
2019-11-05 17:43:43.896,NTK,01,GA01,2019-11-05 17:44:05.572,21.676,6,False
2019-11-05 17:43:43.896,KOT,02,RA12,2019-11-05 17:44:04.613,20.717,9,False
2019-11-05 17:43:44.493,WHA,02,GA38,2019-11-05 17:44:10.192,25.699,10,False
2019-11-05 17:43:45.887,SKM,20,RA11,2019-11-05 17:44:12.562,26.675,12,False
2019-11-05 17:43:46.414,TIK,7116,RA45,2019-11-05 17:44:18.359,31.945,11,False
2019-11-05 17:43:46.415,LAT,6103,GA20,2019-11-05 17:44:16.367,29.952,21,False
2019-11-05 17:43:47.076,WTS,12,QA13,2019-11-05 17:44:07.601,20.525,10,False
2019-11-05 17:43:47.076,SKM,03,GA05,2019-11-05 17:44:08.997,21.921,9,False
2019-11-05 17:43:47.879,YMT,39,GA06,2019-11-05 17:44:09.593,21.714,8,False
2019-11-05 17:43:48.477,MOK,40,QA10,2019-11-05 17:45:00.520,72.043,55,True
2019-11-05 17:43:50.868,NTK,03,GA01,2019-11-05 17:44:09.593,18.725,2,False
2019-11-05 17:43:50.868,KOB,07,GA35,2019-11-05 17:44:19.554,28.686,11,False
2019-11-05 17:43:51.664,DIH,12,RA41,2019-11-05 17:44:15.171,23.507,11,False
2019-11-05 17:43:52.063,NTK,13,GA46,2019-11-05 17:44:14.175,22.112,11,False
2019-11-05 17:43:52.861,SKM,06,QA40,2019-11-05 17:44:15.171,22.31,9,False
2019-11-05 17:43:53.656,KOT,04,RA12,2019-11-05 17:44:13.578,19.922,8,False
2019-11-05 17:43:53.856,YAT,7006A,RA44,2019-11-05 17:45:05.174,71.318,57,True
2019-11-05 17:43:53.856,NTK,05,GA01,2019-11-05 17:44:20.550,26.694,12,False
2019-11-05 17:43:54.254,TIK,7110,QA17,2019-11-05 17:44:14.175,19.921,14,False
2019-11-05 17:43:54.438,LAT,6110,QA16,2019-11-05 17:44:29.117,34.679,21,False
2019-11-05 17:43:54.654,HOM,20,GA38,2019-11-05 17:44:27.323,32.669,16,False
2019-11-05 17:43:56.048,YMT,41,GA06,2019-11-05 17:44:34.083,38.035,9,False
2019-11-05 17:43:56.611,SKM,05,GA05,2019-11-05 17:44:17.563,20.952,7,False
2019-11-05 17:43:57.048,YMT,31,GA07,2019-11-05 17:44:26.022,28.974,15,False
2019-11-05 17:43:57.243,WTS,14,QA13,2019-11-05 17:44:14.574,17.331,7,False
2019-11-05 17:43:58.238,TIK,7114,RA45,2019-11-05 17:44:34.296,36.058,17,False
2019-11-05 17:43:58.638,SKM,22A,RA11,2019-11-05 17:44:18.160,19.522,2,False
2019-11-05 17:43:58.836,HOM,10,QA39,2019-11-05 17:45:10.552,71.716,9,False
2019-11-05 17:44:01.047,SKM,22B,RA11,2019-11-05 17:45:14.138,73.091,3,False
2019-11-05 17:44:01.824,KOT,06,RA12,2019-11-05 17:44:27.124,25.3,7,False
2019-11-05 17:44:02.223,KOB,09,GA35,2019-11-05 17:45:33.661,91.438,75,True
2019-11-05 17:44:02.422,SKM,08,QA40,2019-11-05 17:44:28.060,25.638,8,False
2019-11-05 17:44:03.008,WTS,02,RA41,2019-11-05 17:44:25.132,22.124,9,False
2019-11-05 17:44:03.617,NTK,15,GA46,2019-11-05 17:44:23.140,19.523,9,False
2019-11-05 17:44:04.414,SKM,07,GA05,2019-11-05 17:44:26.022,21.608,8,False
2019-11-05 17:44:04.521,LOF,02,QA13,2019-11-05 17:44:22.697,18.176,6,False
2019-11-05 17:44:04.813,SKM,22C,RA11,2019-11-05 17:45:19.119,74.306,4,False
2019-11-05 17:44:05.410,MOK,31,GA06,2019-11-05 17:44:45.053,39.643,21,False
2019-11-05 17:44:06.605,MOK,39,GA37,2019-11-05 17:44:27.523,20.918,6,False
2019-11-05 17:44:06.804,NTK,07,GA01,2019-11-05 17:44:36.686,29.882,11,False
2019-11-05 17:44:08.199,YAT,7009,GA19,2019-11-05 17:44:21.347,13.148,6,False
2019-11-05 17:44:08.200,LAT,6105,GA20,2019-11-05 17:45:15.333,67.133,51,True
2019-11-05 17:44:08.398,TIK,7108,QA17,2019-11-05 17:44:21.148,12.75,1,False
2019-11-05 17:44:08.683,HOM,12,QA39,2019-11-05 17:45:18.122,69.439,51,True
2019-11-05 17:44:09.594,TIK,7106,QA17,2019-11-05 17:44:41.268,31.674,21,False
2019-11-05 17:44:09.594,KOT,08,RA12,2019-11-05 17:46:05.734,116.14,10,False
2019-11-05 17:44:09.794,MOK,32A,RA11,2019-11-05 17:45:25.493,75.699,57,True
2019-11-05 17:44:10.690,SKM,10,QA40,2019-11-05 17:45:20.672,69.982,10,False
2019-11-05 17:44:10.988,LOF,04,QA13,2019-11-05 17:44:32.104,21.116,7,False
2019-11-05 17:44:11.187,HOM,18,GA38,2019-11-05 17:44:32.104,20.917,4,False
2019-11-05 17:44:11.386,KOT,11,GA04,2019-11-05 17:44:35.690,24.304,14,False
2019-11-05 17:44:12.184,WTS,04,RA41,2019-11-05 17:44:35.690,23.506,8,False
2019-11-05 17:44:12.562,YMT,33,GA07,2019-11-05 17:44:37.085,24.523,5,False
2019-11-05 17:44:12.781,SKM,09,GA05,2019-11-05 17:44:30.511,17.73,4,False
2019-11-05 17:44:13.578,KWT,6001,GA46,2019-11-05 17:44:33.300,19.722,6,False
2019-11-05 17:44:13.578,MOK,41,GA37,2019-11-05 17:44:32.104,18.526,5,False
2019-11-05 17:44:15.171,TIK,7101,GA19,2019-11-05 17:44:53.165,37.994,35,False
2019-11-05 17:44:15.371,TIK,7111,GA18,2019-11-05 17:44:34.097,18.726,14,False
2019-11-05 17:44:15.372,TIK,7112C,RA45,2019-11-05 17:45:35.255,79.883,13,False
2019-11-05 17:44:15.570,LAT,6108,QA16,2019-11-05 17:44:43.260,27.69,14,False
2019-11-05 17:44:15.769,HOM,22,GA38,2019-11-05 17:44:37.026,21.257,4,False
2019-11-05 17:44:17.562,SKM,11,GA05,2019-11-05 17:44:39.476,21.914,4,False
2019-11-05 17:44:18.359,YMT,35,GA07,2019-11-05 17:45:34.059,75.7,59,True
2019-11-05 17:44:18.558,LOF,06,QA13,2019-11-05 17:44:48.639,30.081,10,False
2019-11-05 17:44:18.703,LOF,11,GA36,2019-11-05 17:44:38.480,19.777,11,False
2019-11-05 17:44:18.757,NTK,09,GA01,2019-11-05 17:45:31.071,72.314,13,False
2019-11-05 17:44:18.956,MOK,43,GA37,2019-11-05 17:44:37.085,18.129,5,False
2019-11-05 17:44:19.952,HOM,07,GA38,2019-11-05 17:44:45.452,25.5,5,False
2019-11-05 17:44:19.953,KOT,10,RA12,2019-11-05 17:46:13.504,113.551,103,True
2019-11-05 17:44:20.152,KWT,6003,GA46,2019-11-05 17:44:39.077,18.925,4,False
2019-11-05 17:44:20.351,WTS,06,RA41,2019-11-05 17:44:50.632,30.281,10,False
2019-11-05 17:44:21.347,SKM,12,QA40,2019-11-05 17:45:33.661,72.314,56,True
2019-11-05 17:44:21.745,SKM,13,GA05,2019-11-05 17:45:37.173,75.428,58,True
2019-11-05 17:44:23.937,CHH,13A,GA02,2019-11-05 17:44:49.037,25.1,13,False
2019-11-05 17:44:24.452,MOK,45,GA37,2019-11-05 17:44:57.007,32.555,11,False
2019-11-05 17:44:24.890,KWT,6005,GA46,2019-11-05 17:44:48.810,23.92,5,False
2019-11-05 17:44:25.132,CHH,12,QA14,2019-11-05 17:44:48.639,23.507,9,False
2019-11-05 17:44:25.531,HOM,09,GA38,2019-11-05 17:45:28.880,63.349,8,False
2019-11-05 17:44:25.929,KOT,13,GA04,2019-11-05 17:44:43.061,17.132,8,False
2019-11-05 17:44:26.327,KWT,6006,QA42,2019-11-05 17:44:48.810,22.483,8,False
2019-11-05 17:44:26.526,MOK,33,GA06,2019-11-05 17:45:01.189,34.663,14,False
2019-11-05 17:44:26.526,DIH,07,GA03,2019-11-05 17:44:49.237,22.711,8,False
2019-11-05 17:44:28.718,LOF,08,QA13,2019-11-05 17:45:50.196,81.478,12,False
2019-11-05 17:44:29.316,TIK,7112B,RA45,2019-11-05 17:45:40.235,70.919,0,False
2019-11-05 17:44:29.714,LAT,6106,QA16,2019-11-05 17:45:39.239,69.525,0,False
2019-11-05 17:44:30.112,TIK,7113,GA18,2019-11-05 17:44:47.245,17.133,20,False
2019-11-05 17:44:30.311,TIK,7112A,RA45,2019-11-05 17:45:51.151,80.84,63,True
2019-11-05 17:44:30.312,LAT,6104,QA16,2019-11-05 17:45:45.215,74.903,59,True
2019-11-05 17:44:30.452,LOF,13,GA36,2019-11-05 17:44:46.486,16.034,7,False
2019-11-05 17:44:30.511,WTS,08,RA41,2019-11-05 17:45:47.207,76.696,14,False
2019-11-05 17:44:30.659,KWT,6007,GA46,2019-11-05 17:45:54.180,83.521,65,True
2019-11-05 17:44:30.660,TIK,7104,QA17,2019-11-05 17:44:51.229,20.569,20,False
2019-11-05 17:44:32.503,NTK,11,GA01,2019-11-05 17:45:45.614,73.111,56,True
2019-11-05 17:44:33.897,HOM,11,GA38,2019-11-05 17:45:38.442,64.545,45,True
2019-11-05 17:44:34.083,KOT,15,GA04,2019-11-05 17:44:50.033,15.95,6,False
2019-11-05 17:44:34.471,KWT,6004,QA42,2019-11-05 17:44:52.425,17.954,5,False
2019-11-05 17:44:34.894,CHH,14,QA14,2019-11-05 17:44:55.015,20.121,6,False
2019-11-05 17:44:35.491,DIH,09,GA03,2019-11-05 17:44:58.600,23.109,11,False
2019-11-05 17:44:36.089,MOK,47,GA37,2019-11-05 17:46:12.507,96.418,79,True
2019-11-05 17:44:37.026,CHH,15,GA02,2019-11-05 17:44:57.578,20.552,8,False
2019-11-05 17:44:37.682,WTS,01,GA36,2019-11-05 17:44:56.010,18.328,9,False
2019-11-05 17:44:40.341,KWT,6002,QA42,2019-11-05 17:45:01.789,21.448,11,False
2019-11-05 17:44:40.472,LOF,01,GA04,2019-11-05 17:44:56.607,16.135,6,False
2019-11-05 17:44:41.467,MOK,35,GA06,2019-11-05 17:45:50.594,69.127,10,False
2019-11-05 17:44:41.667,LOF,10,QA13,2019-11-05 17:46:01.655,79.988,65,True
2019-11-05 17:44:41.866,CHH,16,QA14,2019-11-05 17:44:59.596,17.73,4,False
2019-11-05 17:44:44.256,MOK,42,QA10,2019-11-05 17:45:08.561,24.305,8,False
2019-11-05 17:44:44.655,WTS,10,RA41,2019-11-05 17:45:56.172,71.517,59,True
2019-11-05 17:44:45.253,CHH,17,GA02,2019-11-05 17:45:04.974,19.721,7,False
2019-11-05 17:44:45.850,YMT,42,RA09,2019-11-05 17:45:06.170,20.32,8,False
2019-11-05 17:44:46.049,CHH,18,QA14,2019-11-05 17:45:04.945,18.896,3,False
2019-11-05 17:44:46.486,LOF,03,GA04,2019-11-05 17:45:03.580,17.094,5,False
2019-11-05 17:44:46.647,CHH,01,GA03,2019-11-05 17:45:05.572,18.925,6,False
2019-11-05 17:44:47.045,WTS,03,GA36,2019-11-05 17:45:11.832,24.787,5,False
2019-11-05 17:44:49.834,CHH,20,QA14,2019-11-05 17:45:11.150,21.316,6,False
2019-11-05 17:44:50.632,TIK,7149,GA18,2019-11-05 17:44:57.127,6.495,0,False
2019-11-05 17:44:50.632,TIK,7115,GA18,2019-11-05 17:44:51.229,0.597,0,False
2019-11-05 17:44:50.831,TIK,7120,GA18,2019-11-05 17:45:05.174,14.343,0,False
2019-11-05 17:44:50.966,TIK,7103,GA19,2019-11-05 17:45:09.159,18.193,4,False
2019-11-05 17:44:51.030,TIK,7122,GA18,2019-11-05 17:45:43.134,52.104,,False
2019-11-05 17:44:51.230,TIK,7102,QA17,2019-11-05 17:45:05.100,13.87,3,False
2019-11-05 17:44:51.230,YAT,7004,RA44,2019-11-05 17:45:07.365,16.135,5,False
2019-11-05 17:44:51.448,NTK,02,QA42,2019-11-05 17:45:08.960,17.512,7,False
2019-11-05 17:44:52.424,MOK,37,GA06,2019-11-05 17:45:57.126,64.702,47,True
2019-11-05 17:44:52.425,LOF,05,GA04,2019-11-05 17:45:16.659,24.234,7,False
2019-11-05 17:44:52.822,MOK,44,QA10,2019-11-05 17:45:15.134,22.312,5,False
2019-11-05 17:44:53.013,WTS,05,GA36,2019-11-05 17:46:04.142,71.129,55,True
2019-11-05 17:44:53.166,CHH,19,GA02,2019-11-05 17:45:13.127,19.961,7,False
2019-11-05 17:44:53.221,TIK,7122,QA18,2019-11-05 17:45:43.134,49.913,33,False
2019-11-05 17:44:53.420,CHH,03,GA03,2019-11-05 17:45:10.552,17.132,5,False
2019-11-05 17:44:54.217,YMT,44,RA09,2019-11-05 17:45:17.724,23.507,12,False
2019-11-05 17:44:54.416,YAT,7012,QA17,2019-11-05 17:45:23.104,28.688,22,False
2019-11-05 17:44:55.412,TIK,7105,GA19,2019-11-05 17:45:21.094,25.682,11,False
2019-11-05 17:44:56.209,DIH,02,QA14,2019-11-05 17:45:23.502,27.293,10,False
2019-11-05 17:44:57.006,YAT,7002,RA44,2019-11-05 17:45:14.337,17.331,9,False
2019-11-05 17:44:58.201,MOK,46,QA10,2019-11-05 17:45:27.087,28.886,11,False
2019-11-05 17:44:58.800,CHH,05,GA03,2019-11-05 17:45:16.547,17.747,6,False
2019-11-05 17:44:59.396,NTK,04,QA42,2019-11-05 17:45:24.498,25.102,7,False
2019-11-05 17:44:59.596,LAT,6107,GA20,2019-11-05 17:45:23.302,23.706,12,False
2019-11-05 17:44:59.795,LOF,07,GA04,2019-11-05 17:46:11.512,71.717,12,False
2019-11-05 17:45:00.519,CHH,21,GA02,2019-11-05 17:45:21.094,20.575,8,False
2019-11-05 17:45:00.520,HOM,14,QA39,2019-11-05 17:45:22.108,21.588,8,False
2019-11-05 17:45:04.974,CHH,07,GA03,2019-11-05 17:45:19.118,14.144,2,False
2019-11-05 17:45:06.369,HOM,02,RA09,2019-11-05 17:45:40.389,34.02,22,False
2019-11-05 17:45:06.568,TIK,7107,GA19,2019-11-05 17:45:32.267,25.699,5,False
2019-11-05 17:45:06.716,DIH,04,QA14,2019-11-05 17:45:35.255,28.539,9,False
2019-11-05 17:45:06.967,LAT,6112,RA44,2019-11-05 17:45:55.109,48.142,22,False
2019-11-05 17:45:06.967,NTK,06,QA42,2019-11-05 17:46:37.011,90.044,74,True
2019-11-05 17:45:07.763,MOK,32B,RA11,2019-11-05 17:45:30.076,22.313,6,False
2019-11-05 17:45:07.963,CHH,09B,GA03,2019-11-05 17:45:36.052,28.089,8,False
2019-11-05 17:45:08.700,HOM,16,QA39,2019-11-05 17:45:24.497,15.797,3,False
2019-11-05 17:45:08.759,KOB,01,GA02,2019-11-05 17:45:29.677,20.918,7,False
2019-11-05 17:45:10.154,YMT,32,QA10,2019-11-05 17:45:38.243,28.089,10,False
2019-11-05 17:45:11.831,LOF,09,GA04,2019-11-05 17:46:20.666,68.835,58,True
2019-11-05 17:45:11.947,TIK,7109A,GA19,2019-11-05 17:46:27.119,75.172,12,False
2019-11-05 17:45:12.147,LAT,6109,GA20,2019-11-05 17:45:45.215,33.068,28,False
2019-11-05 17:45:12.544,HOM,18,QA39,2019-11-05 17:45:27.885,15.341,3,False
2019-11-05 17:45:14.688,MOK,34A,RA11,2019-11-05 17:45:36.237,21.549,7,False
2019-11-05 17:45:16.330,HOM,20,QA39,2019-11-05 17:45:39.637,23.307,,False
2019-11-05 17:45:16.485,DIH,06,QA14,2019-11-05 17:45:58.514,42.029,17,False
2019-11-05 17:45:16.486,CHH,11,GA03,2019-11-05 17:46:32.031,75.545,61,True
2019-11-05 17:45:16.524,KOB,03,GA02,2019-11-05 17:45:40.573,24.049,8,False
2019-11-05 17:45:16.927,YAT,7010,QA17,2019-11-05 17:45:41.231,24.304,12,False
2019-11-05 17:45:17.724,YMT,37,GA07,2019-11-05 17:45:38.243,20.519,6,False
2019-11-05 17:45:17.923,SKM,14,QA40,2019-11-05 17:45:41.629,23.706,8,False
2019-11-05 17:45:18.122,KOB,11,GA35,2019-11-05 17:45:43.622,25.5,14,False
2019-11-05 17:45:18.522,HOM,20,GA39,2019-11-05 17:45:39.637,21.115,9,False
2019-11-05 17:45:18.919,HOM,13,GA38,2019-11-05 17:45:43.224,24.305,6,False
2019-11-05 17:45:20.314,YMT,34,QA10,2019-11-05 17:45:40.573,20.259,3,False
2019-11-05 17:45:20.514,SKM,15,GA05,2019-11-05 17:45:44.566,24.052,13,False
2019-11-05 17:45:21.709,MOK,34B,RA11,2019-11-05 17:45:41.033,19.324,6,False
2019-11-05 17:45:23.700,YMT,36,QA10,2019-11-05 17:45:50.196,26.496,5,False
2019-11-05 17:45:24.078,TIK,7109B,GA19,2019-11-05 17:46:32.249,68.171,2,False
2019-11-05 17:45:24.099,YMT,39,GA07,2019-11-05 17:45:45.614,21.515,6,False
2019-11-05 17:45:25.294,KOB,05,GA02,2019-11-05 17:45:53.582,28.288,14,False
2019-11-05 17:45:25.892,HOM,15,GA38,2019-11-05 17:45:55.973,30.081,15,False
2019-11-05 17:45:26.688,SKM,16,QA40,2019-11-05 17:45:46.610,19.922,5,False
2019-11-05 17:45:26.688,TIK,7109C,GA19,2019-11-05 17:46:37.608,70.92,78,True
2019-11-05 17:45:26.888,TIK,7120,QA18,2019-11-05 17:45:51.152,24.264,6,False
2019-11-05 17:45:27.685,WHA,02,GA39,2019-11-05 17:45:47.008,19.323,6,False
2019-11-05 17:45:28.481,MOK,36,RA11,2019-11-05 17:45:59.559,31.078,12,False
2019-11-05 17:45:28.881,NTK,13,GA01,2019-11-05 17:45:57.126,28.245,14,False
2019-11-05 17:45:28.881,HOM,04,RA09,2019-11-05 17:45:57.965,29.084,15,False
2019-11-05 17:45:29.079,YMT,38,QA10,2019-11-05 17:45:58.164,29.085,5,False
2019-11-05 17:45:29.478,YAT,7008,QA17,2019-11-05 17:45:55.176,25.698,11,False
2019-11-05 17:45:29.876,LAT,6110,RA44,2019-11-05 17:46:19.281,49.405,45,False
2019-11-05 17:45:30.075,LAT,6102,QA16,2019-11-05 17:45:51.151,21.076,6,False
2019-11-05 17:45:30.873,YMT,41,GA07,2019-11-05 17:46:07.129,36.256,10,False
2019-11-05 17:45:32.059,SKM,18,QA40,2019-11-05 17:45:56.484,24.425,11,False
2019-11-05 17:45:32.865,KOB,13,GA35,2019-11-05 17:45:52.188,19.323,9,False
2019-11-05 17:45:33.264,TIK,7118,QA18,2019-11-05 17:45:55.109,21.845,7,False
2019-11-05 17:45:33.436,TIK,7110,RA45,2019-11-05 17:45:55.109,21.673,13,False
2019-11-05 17:45:33.860,SKM,17,GA05,2019-11-05 17:45:52.985,19.125,10,False
2019-11-05 17:45:33.989,DIH,08,QA14,2019-11-05 17:46:55.537,81.548,15,False
2019-11-05 17:45:34.399,WHA,04,GA39,2019-11-05 17:45:59.759,25.36,6,False
2019-11-05 17:45:34.658,YMT,40,QA10,2019-11-05 17:46:54.541,79.883,63,True
2019-11-05 17:45:36.052,KOB,12,RA15,2019-11-05 17:45:57.567,21.515,11,False
2019-11-05 17:45:36.238,KWT,6009,GA46,2019-11-05 17:45:59.435,23.197,8,False
2019-11-05 17:45:37.000,KWT,6016,QA16,2019-11-05 17:46:02.645,25.645,12,False
2019-11-05 17:45:39.638,MOK,39,GA06,2019-11-05 17:46:06.133,26.495,7,False
2019-11-05 17:45:40.036,KOB,07,GA02,2019-11-05 17:46:13.504,33.468,14,False
2019-11-05 17:45:40.388,TIK,7116,QA18,2019-11-05 17:46:04.340,23.952,15,False
2019-11-05 17:45:40.434,YAT,7001,GA20,2019-11-05 17:46:13.105,32.671,16,False
2019-11-05 17:45:40.574,YAT,7006C,QA17,2019-11-05 17:47:08.089,87.515,8,False
2019-11-05 17:45:40.848,WHA,06,GA39,2019-11-05 17:48:28.510,167.662,150,True
2019-11-05 17:45:41.033,HOM,17,GA38,2019-11-05 17:46:16.492,35.459,22,False
2019-11-05 17:45:41.231,MOK,31,GA07,2019-11-05 17:46:18.684,37.453,17,False
2019-11-05 17:45:41.430,MOK,38,RA11,2019-11-05 17:47:06.494,85.064,10,False
2019-11-05 17:45:42.626,KOB,15,GA35,2019-11-05 17:46:00.156,17.53,7,False
2019-11-05 17:45:43.224,HOM,05,GA08,2019-11-05 17:46:09.718,26.494,9,False
2019-11-05 17:45:43.422,NTK,15,GA01,2019-11-05 17:46:08.524,25.102,13,False
2019-11-05 17:45:43.422,SKM,20,QA40,2019-11-05 17:46:10.117,26.695,13,False
2019-11-05 17:45:43.821,WTS,12,RA41,2019-11-05 17:46:05.137,21.316,10,False
2019-11-05 17:45:44.419,KWT,6011,GA46,2019-11-05 17:46:04.419,20.0,5,False
2019-11-05 17:45:44.566,SKM,19,GA05,2019-11-05 17:45:59.559,14.993,5,False
2019-11-05 17:45:44.618,HOM,06,RA09,2019-11-05 17:46:21.074,36.456,20,False
2019-11-05 17:45:47.207,TIK,7108,RA45,2019-11-05 17:46:01.152,13.945,9,False
2019-11-05 17:45:47.207,MOK,41,GA06,2019-11-05 17:46:18.085,30.878,5,False
2019-11-05 17:45:47.407,LOF,12,QA13,2019-11-05 17:46:13.703,26.296,15,False
2019-11-05 17:45:47.806,KOB,14,RA15,2019-11-05 17:46:07.006,19.2,7,False
2019-11-05 17:45:48.678,WTS,07,GA36,2019-11-05 17:46:12.507,23.829,14,False
2019-11-05 17:45:49.000,YAT,7006B,QA17,2019-11-05 17:47:16.853,87.853,7,False
2019-11-05 17:45:49.200,KWT,6014,QA16,2019-11-05 17:46:12.109,22.909,10,False
2019-11-05 17:45:49.399,DIH,10,QA14,2019-11-05 17:47:04.701,75.302,62,True
2019-11-05 17:45:49.797,SKM,21,GA05,2019-11-05 17:46:05.137,15.34,7,False
2019-11-05 17:45:50.197,KWT,6013,GA46,2019-11-05 17:46:13.703,23.506,9,False
2019-11-05 17:45:50.395,NTK,01,GA35,2019-11-05 17:46:06.134,15.739,7,False
2019-11-05 17:45:51.790,MOK,40,RA11,2019-11-05 17:47:14.064,82.274,65,True
2019-11-05 17:45:52.387,HOM,07,GA08,2019-11-05 17:46:18.883,26.496,5,False
2019-11-05 17:45:53.184,MOK,43,GA06,2019-11-05 17:46:27.648,34.464,8,False
2019-11-05 17:45:54.778,WTS,14,RA41,2019-11-05 17:46:12.507,17.729,7,False
2019-11-05 17:45:54.977,KOB,09,GA02,2019-11-05 17:47:11.674,76.697,60,True
2019-11-05 17:45:55.527,SKM,01,GA37,2019-11-05 17:46:20.078,24.551,11,False
2019-11-05 17:45:55.574,KOB,16,RA15,2019-11-05 17:46:17.090,21.516,10,False
2019-11-05 17:45:55.973,TIK,7114,QA18,2019-11-05 17:46:19.281,23.308,19,False
2019-11-05 17:45:56.371,TIK,7106,RA45,2019-11-05 17:46:21.274,24.903,20,False
2019-11-05 17:45:56.770,YAT,7006A,QA17,2019-11-05 17:47:21.236,84.466,70,True
2019-11-05 17:45:56.969,YAT,7003A,GA20,2019-11-05 17:47:08.089,71.12,8,False
2019-11-05 17:45:57.168,KWT,6001,GA01,2019-11-05 17:46:21.462,24.294,7,False
2019-11-05 17:45:57.367,SKM,22A,QA40,2019-11-05 17:46:15.695,18.328,1,False
2019-11-05 17:45:57.766,NTK,03,GA35,2019-11-05 17:46:08.524,10.758,0,False
2019-11-05 17:45:57.767,KOT,01,GA05,2019-11-05 17:46:11.511,13.744,5,False
2019-11-05 17:45:58.364,HOM,09,GA08,2019-11-05 17:47:28.806,90.442,7,False
2019-11-05 17:45:58.563,SKM,22B,QA40,2019-11-05 17:47:14.662,76.099,4,False
2019-11-05 17:45:58.763,NTK,05,GA35,2019-11-05 17:46:18.085,19.322,7,False
2019-11-05 17:45:59.160,MOK,33,GA07,2019-11-05 17:46:44.581,45.421,14,False
2019-11-05 17:45:59.957,KWT,6015,GA46,2019-11-05 17:46:23.662,23.705,16,False
2019-11-05 17:46:00.156,KWT,6012,QA16,2019-11-05 17:46:22.269,22.113,8,False
2019-11-05 17:46:01.480,MOK,45,GA06,2019-11-05 17:46:48.167,46.687,25,False
2019-11-05 17:46:02.522,LOF,02,RA41,2019-11-05 17:46:21.472,18.95,5,False
2019-11-05 17:46:02.645,LOF,14,QA13,2019-11-05 17:46:23.465,20.82,9,False
2019-11-05 17:46:02.945,SKM,22C,QA40,2019-11-05 17:47:20.651,77.706,4,False
2019-11-05 17:46:03.145,KOT,12,RA12,2019-11-05 17:46:23.465,20.32,10,False
2019-11-05 17:46:03.344,KOT,03,GA05,2019-11-05 17:46:17.687,14.343,4,False
2019-11-05 17:46:03.543,WTS,09,GA36,2019-11-05 17:46:20.666,17.123,8,False
2019-11-05 17:46:03.941,HOM,19,GA38,2019-11-05 17:46:39.601,35.66,22,False
2019-11-05 17:46:04.539,KWT,6003,GA01,2019-11-05 17:46:26.452,21.913,5,False
2019-11-05 17:46:05.336,HOM,08,RA09,2019-11-05 17:46:57.729,52.393,29,False
2019-11-05 17:46:05.734,HOM,11,GA08,2019-11-05 17:47:36.974,91.24,73,True
2019-11-05 17:46:05.735,YAT,7003B,GA20,2019-11-05 17:47:15.260,69.525,9,False
2019-11-05 17:46:06.532,CHH,02,RA15,2019-11-05 17:46:28.644,22.112,13,False
2019-11-05 17:46:06.730,NTK,07,GA35,2019-11-05 17:46:30.525,23.795,10,False
2019-11-05 17:46:07.130,MOK,32A,QA40,2019-11-05 17:47:27.014,79.884,61,True
2019-11-05 17:46:07.328,SKM,03,GA37,2019-11-05 17:46:28.046,20.718,9,False
2019-11-05 17:46:08.125,KOT,05,GA05,2019-11-05 17:46:24.631,16.506,6,False
2019-11-05 17:46:08.324,LOF,04,RA41,2019-11-05 17:46:33.227,24.903,8,False
2019-11-05 17:46:09.122,KWT,6010,QA16,2019-11-05 17:46:37.963,28.841,8,False
2019-11-05 17:46:09.919,KWT,6005,GA01,2019-11-05 17:46:37.575,27.656,7,False
2019-11-05 17:46:10.117,LOF,11,GA04,2019-11-05 17:46:29.640,19.523,10,False
2019-11-05 17:46:12.308,KOT,02,QA13,2019-11-05 17:46:33.226,20.918,9,False
2019-11-05 17:46:12.488,WTS,11,GA36,2019-11-05 17:46:28.046,15.558,5,False
2019-11-05 17:46:13.305,MOK,35,GA07,2019-11-05 17:47:47.060,93.755,20,False
2019-11-05 17:46:14.101,KOT,14,RA12,2019-11-05 17:46:31.632,17.531,7,False
2019-11-05 17:46:14.501,KOT,07,GA05,2019-11-05 17:46:37.963,23.462,6,False
2019-11-05 17:46:15.496,TIK,7112C,QA18,2019-11-05 17:48:07.187,111.691,0,False
2019-11-05 17:46:15.695,LAT,6108,RA44,2019-11-05 17:46:32.250,16.555,0,False
2019-11-05 17:46:15.696,YAT,7003C,GA20,2019-11-05 17:47:16.853,61.157,0,False
2019-11-05 17:46:15.894,TIK,7112B,QA18,2019-11-05 17:48:12.235,116.341,0,False
2019-11-05 17:46:16.061,YAT,7003D,GA20,2019-11-05 17:47:21.236,65.175,47,True
2019-11-05 17:46:16.293,TIK,7112A,QA18,2019-11-05 17:48:20.203,123.91,121,True
2019-11-05 17:46:16.293,LAT,6106,RA44,2019-11-05 17:47:27.212,70.919,3,False
2019-11-05 17:46:16.492,TIK,7104,RA45,2019-11-05 17:46:34.222,17.73,29,False
2019-11-05 17:46:16.656,LAT,6101,GA46,2019-11-05 17:46:27.119,10.463,0,False
2019-11-05 17:46:17.012,LAT,6103,GA46,2019-11-05 17:46:46.174,29.162,29,False
2019-11-05 17:46:17.089,SKM,05,GA37,2019-11-05 17:46:35.575,18.486,6,False
2019-11-05 17:46:17.250,NTK,09,GA35,2019-11-05 17:47:23.029,65.779,10,False
2019-11-05 17:46:17.251,LOF,06,RA41,2019-11-05 17:46:51.156,33.905,10,False
2019-11-05 17:46:17.251,KWT,6007,GA01,2019-11-05 17:47:38.567,81.316,62,True
2019-11-05 17:46:17.687,CHH,13A,GA03,2019-11-05 17:46:41.593,23.906,12,False
2019-11-05 17:46:17.886,KWT,6008,QA16,2019-11-05 17:47:39.916,82.03,64,True
2019-11-05 17:46:18.285,DIH,01,GA36,2019-11-05 17:46:39.990,21.705,6,False
2019-11-05 17:46:19.878,CHH,04,RA15,2019-11-05 17:46:40.995,21.117,10,False
2019-11-05 17:46:20.277,LAT,6104,RA44,2019-11-05 17:47:33.189,72.912,58,True
2019-11-05 17:46:20.875,KOT,09,GA05,2019-11-05 17:47:55.088,94.213,78,True
2019-11-05 17:46:21.074,LOF,13,GA04,2019-11-05 17:46:38.007,16.933,7,False
2019-11-05 17:46:21.462,KOT,04,QA13,2019-11-05 17:46:42.590,21.128,8,False
2019-11-05 17:46:21.472,NTK,08,QA42,2019-11-05 17:46:46.573,25.101,13,False
2019-11-05 17:46:22.070,KOT,16,RA12,2019-11-05 17:46:39.003,16.933,7,False
2019-11-05 17:46:24.062,SKM,07,GA37,2019-11-05 17:46:43.186,19.124,7,False
2019-11-05 17:46:24.859,DIH,03,GA36,2019-11-05 17:47:40.560,75.701,9,False
2019-11-05 17:46:26.253,HOM,21,GA38,2019-11-05 17:47:02.908,36.655,22,False
2019-11-05 17:46:26.599,MOK,47,GA06,2019-11-05 17:47:49.525,82.926,65,True
2019-11-05 17:46:27.250,NTK,11,GA35,2019-11-05 17:47:34.185,66.935,52,True
2019-11-05 17:46:28.250,LOF,08,RA41,2019-11-05 17:48:52.477,144.227,15,False
2019-11-05 17:46:29.042,WTS,01,GA04,2019-11-05 17:46:47.171,18.129,9,False
2019-11-05 17:46:29.251,SKM,02,RA12,2019-11-05 17:46:46.573,17.322,6,False
2019-11-05 17:46:29.839,KOT,06,QA13,2019-11-05 17:46:57.131,27.292,8,False
2019-11-05 17:46:29.840,CHH,15,GA03,2019-11-05 17:46:50.558,20.718,8,False
2019-11-05 17:46:30.636,CHH,06,RA15,2019-11-05 17:46:51.155,20.519,7,False
2019-11-05 17:46:31.433,SKM,09,GA37,2019-11-05 17:46:47.569,16.136,3,False
2019-11-05 17:46:34.023,MOK,37,GA07,2019-11-05 17:47:53.036,79.013,62,True
2019-11-05 17:46:34.222,DIH,05,GA36,2019-11-05 17:47:50.122,75.9,62,True
2019-11-05 17:46:34.819,HOM,10,RA09,2019-11-05 17:47:55.302,80.483,9,False
2019-11-05 17:46:35.185,SKM,11,GA37,2019-11-05 17:46:56.498,21.313,4,False
2019-11-05 17:46:35.417,NTK,10,QA42,2019-11-05 17:46:54.541,19.124,11,False
2019-11-05 17:46:36.016,SKM,04,RA12,2019-11-05 17:46:54.143,18.127,7,False
2019-11-05 17:46:37.962,KOT,08,QA13,2019-11-05 17:48:12.052,94.09,11,False
2019-11-05 17:46:38.405,YMT,42,QA10,2019-11-05 17:46:59.123,20.718,9,False
2019-11-05 17:46:38.548,CHH,17,GA03,2019-11-05 17:46:57.530,18.982,9,False
2019-11-05 17:46:38.604,CHH,08,RA15,2019-11-05 17:47:01.642,23.038,4,False
2019-11-05 17:46:38.805,WTS,03,GA04,2019-11-05 17:47:03.109,24.304,5,False
2019-11-05 17:46:39.601,SKM,13,GA37,2019-11-05 17:48:21.000,101.399,85,True
2019-11-05 17:46:42.789,CHH,10,RA15,2019-11-05 17:47:59.086,76.297,59,True
2019-11-05 17:46:43.385,SKM,06,RA12,2019-11-05 17:47:01.643,18.258,7,False
2019-11-05 17:46:43.983,LOF,10,RA41,2019-11-05 17:49:01.224,137.241,126,True
2019-11-05 17:46:44.182,HOM,12,RA09,2019-11-05 17:48:04.254,80.072,61,True
2019-11-05 17:46:44.582,WTS,05,GA04,2019-11-05 17:47:58.087,73.505,59,True
2019-11-05 17:46:45.378,TIK,7111,GA19,2019-11-05 17:50:27.102,221.724,0,False
2019-11-05 17:46:45.975,TIK,7102,RA45,2019-11-05 17:46:46.174,0.199,0,False
2019-11-05 17:46:46.174,LAT,6105,GA46,2019-11-05 17:47:40.361,54.187,44,True
2019-11-05 17:46:46.374,TIK,7113,GA19,2019-11-05 17:46:59.323,12.949,0,False
2019-11-05 17:46:46.971,YAT,7012,RA45,2019-11-05 17:47:11.218,24.247,13,False
2019-11-05 17:46:46.972,TIK,7115,GA19,2019-11-05 17:47:02.282,15.31,0,False
2019-11-05 17:46:47.370,NTK,12,QA42,2019-11-05 17:46:57.530,10.16,1,False
2019-11-05 17:46:47.569,TIK,7149,GA19,2019-11-05 17:47:06.296,18.727,,False
2019-11-05 17:46:47.967,CHH,19,GA03,2019-11-05 17:47:05.697,17.73,5,False
2019-11-05 17:46:48.366,YMT,44,QA10,2019-11-05 17:47:10.080,21.714,11,False
2019-11-05 17:46:48.542,TIK,7149,RA19,2019-11-05 17:47:06.296,17.754,12,False
2019-11-05 17:46:48.542,NTK,14,QA42,2019-11-05 17:47:02.696,14.154,5,False
2019-11-05 17:46:49.135,KOT,10,QA13,2019-11-05 17:48:21.598,92.463,80,True
2019-11-05 17:46:49.135,YMT,31,GA38,2019-11-05 17:47:15.060,25.925,11,False
2019-11-05 17:46:50.756,SKM,08,RA12,2019-11-05 17:47:15.658,24.902,7,False
2019-11-05 17:46:51.952,DIH,12,QA14,2019-11-05 17:47:15.658,23.706,11,False
2019-11-05 17:46:53.147,CHH,21,GA03,2019-11-05 17:47:14.064,20.917,8,False
2019-11-05 17:46:53.545,KOB,02,QA42,2019-11-05 17:47:10.633,17.088,7,False
2019-11-05 17:46:55.737,KOB,11,GA02,2019-11-05 17:47:21.650,25.913,14,False
2019-11-05 17:46:57.131,MOK,42,RA11,2019-11-05 17:47:21.037,23.906,8,False
2019-11-05 17:46:57.928,SKM,10,RA12,2019-11-05 17:48:11.637,73.709,10,False
2019-11-05 17:46:59.523,HOM,02,QA10,2019-11-05 17:47:32.791,33.268,20,False
2019-11-05 17:47:00.662,TIK,7120,RA19,2019-11-05 17:47:15.191,14.529,0,False
2019-11-05 17:47:00.717,TIK,7122,RA19,2019-11-05 17:47:53.110,52.393,43,False
2019-11-05 17:47:00.850,YAT,7010,RA45,2019-11-05 17:47:42.353,41.503,18,False
2019-11-05 17:47:00.916,YMT,33,GA38,2019-11-05 17:47:25.022,24.106,5,False
2019-11-05 17:47:01.441,KOB,04,QA42,2019-11-05 17:47:19.045,17.604,8,False
2019-11-05 17:47:01.441,KOB,01,GA03,2019-11-05 17:47:21.997,20.556,7,False
2019-11-05 17:47:03.108,WTS,02,QA14,2019-11-05 17:47:25.619,22.511,9,False
2019-11-05 17:47:03.506,YAT,7005,GA20,2019-11-05 17:47:25.220,21.714,15,False
2019-11-05 17:47:06.096,MOK,44,RA11,2019-11-05 17:47:27.014,20.918,4,False
2019-11-05 17:47:06.693,YMT,35,GA38,2019-11-05 17:48:34.148,87.455,70,True
2019-11-05 17:47:06.893,YAT,7004,QA17,2019-11-05 17:47:25.220,18.327,12,False
2019-11-05 17:47:08.088,SKM,12,RA12,2019-11-05 17:48:21.000,72.912,60,True
2019-11-05 17:47:08.670,MOK,32B,QA40,2019-11-05 17:47:31.198,22.528,7,False
2019-11-05 17:47:09.283,KOB,03,GA03,2019-11-05 17:47:31.198,21.915,8,False
2019-11-05 17:47:09.881,KOB,06,QA42,2019-11-05 17:47:34.558,24.677,7,False
2019-11-05 17:47:10.661,KOB,13,GA02,2019-11-05 17:47:31.198,20.537,9,False
2019-11-05 17:47:11.077,MOK,46,RA11,2019-11-05 17:47:36.576,25.499,11,False
2019-11-05 17:47:12.869,WTS,04,QA14,2019-11-05 17:47:34.185,21.316,9,False
2019-11-05 17:47:16.056,MOK,34A,QA40,2019-11-05 17:47:36.575,20.519,7,False
2019-11-05 17:47:17.851,KOB,08,QA42,2019-11-05 17:49:05.624,107.773,12,False
2019-11-05 17:47:18.248,KOB,05,GA03,2019-11-05 17:47:43.548,25.3,12,False
2019-11-05 17:47:18.845,HOM,13,GA08,2019-11-05 17:47:42.153,23.308,6,False
2019-11-05 17:47:19.016,YAT,7002,QA17,2019-11-05 17:47:31.198,12.182,2,False
2019-11-05 17:47:19.244,LAT,6102,RA44,2019-11-05 17:47:38.169,18.925,6,False
2019-11-05 17:47:19.244,YAT,7007,GA20,2019-11-05 17:47:50.321,31.077,25,False
2019-11-05 17:47:19.245,YAT,7008,RA45,2019-11-05 17:48:05.263,46.018,25,False
2019-11-05 17:47:19.841,KWT,6009,GA01,2019-11-05 17:47:42.937,23.096,8,False
2019-11-05 17:47:19.842,NTK,13,GA35,2019-11-05 17:47:44.145,24.303,12,False
2019-11-05 17:47:20.174,HOM,04,QA10,2019-11-05 17:47:47.845,27.671,16,False
2019-11-05 17:47:20.240,KOB,15,GA02,2019-11-05 17:47:39.080,18.84,9,False
2019-11-05 17:47:21.435,LAT,6112,QA17,2019-11-05 17:48:03.271,41.836,23,False
2019-11-05 17:47:22.033,WTS,06,QA14,2019-11-05 17:47:48.652,26.619,7,False
2019-11-05 17:47:22.431,KWT,6006,QA16,2019-11-05 17:47:44.306,21.875,6,False
2019-11-05 17:47:22.652,YMT,32,RA11,2019-11-05 17:47:46.073,23.421,7,False
2019-11-05 17:47:23.228,MOK,34B,QA40,2019-11-05 17:47:42.520,19.292,6,False
2019-11-05 17:47:25.619,KWT,6016,RA44,2019-11-05 17:47:51.435,25.816,12,False
2019-11-05 17:47:25.818,HOM,15,GA08,2019-11-05 17:47:53.483,27.665,13,False
2019-11-05 17:47:28.607,KWT,6011,GA01,2019-11-05 17:47:48.329,19.722,5,False
2019-11-05 17:47:29.405,KWT,6004,QA16,2019-11-05 17:47:48.708,19.303,6,False
2019-11-05 17:47:29.604,WTS,08,QA14,2019-11-05 17:48:56.062,86.458,11,False
2019-11-05 17:47:29.803,NTK,01,GA02,2019-11-05 17:47:45.529,15.726,5,False
2019-11-05 17:47:29.952,MOK,36,QA40,2019-11-05 17:48:01.676,31.724,13,False
2019-11-05 17:47:30.202,KOB,10,QA42,2019-11-05 17:49:15.585,105.383,93,True
2019-11-05 17:47:30.401,YMT,34,RA11,2019-11-05 17:47:47.533,17.132,2,False
2019-11-05 17:47:30.600,KOB,07,GA03,2019-11-05 17:48:03.062,32.462,15,False
2019-11-05 17:47:30.798,LAT,6107,GA46,2019-11-05 17:47:50.321,19.523,7,False
2019-11-05 17:47:32.193,SKM,01,GA06,2019-11-05 17:47:58.087,25.894,13,False
2019-11-05 17:47:32.194,NTK,15,GA35,2019-11-05 17:47:55.088,22.894,11,False
2019-11-05 17:47:33.189,YMT,36,RA11,2019-11-05 17:47:56.497,23.308,5,False
2019-11-05 17:47:34.558,KWT,6013,GA01,2019-11-05 17:47:57.693,23.135,11,False
2019-11-05 17:47:35.182,NTK,03,GA02,2019-11-05 17:47:48.652,13.47,2,False
2019-11-05 17:47:35.580,KWT,6002,QA16,2019-11-05 17:47:57.693,22.113,11,False
2019-11-05 17:47:36.376,HOM,06,QA10,2019-11-05 17:48:10.442,34.066,18,False
2019-11-05 17:47:36.575,MOK,39,GA07,2019-11-05 17:48:00.608,24.033,7,False
2019-11-05 17:47:36.666,DIH,07,GA36,2019-11-05 17:47:58.087,21.421,9,False
2019-11-05 17:47:37.771,NTK,05,GA02,2019-11-05 17:47:59.086,21.315,9,False
2019-11-05 17:47:38.369,KWT,6014,RA44,2019-11-05 17:48:01.431,23.062,9,False
2019-11-05 17:47:38.568,LAT,6109,GA46,2019-11-05 17:48:11.238,32.67,39,False
2019-11-05 17:47:39.082,YMT,38,RA11,2019-11-05 17:48:04.067,24.985,3,False
2019-11-05 17:47:39.564,HOM,17,GA08,2019-11-05 17:48:13.629,34.065,23,False
2019-11-05 17:47:39.565,KOT,11,GA05,2019-11-05 17:48:04.067,24.502,14,False
2019-11-05 17:47:41.542,WTS,10,QA14,2019-11-05 17:49:05.027,83.485,72,True
2019-11-05 17:47:42.153,CHH,12,RA15,2019-11-05 17:48:05.063,22.91,9,False
2019-11-05 17:47:42.685,YMT,40,RA11,2019-11-05 17:48:57.655,74.97,58,True
2019-11-05 17:47:43.349,MOK,38,QA40,2019-11-05 17:49:02.636,79.287,10,False
2019-11-05 17:47:43.747,KWT,6001,GA35,2019-11-05 17:48:07.453,23.706,7,False
2019-11-05 17:47:44.305,MOK,41,GA07,2019-11-05 17:48:05.461,21.156,5,False
2019-11-05 17:47:44.345,WTS,07,GA04,2019-11-05 17:48:06.653,22.308,13,False
2019-11-05 17:47:44.455,TIK,7120,RA19,2019-11-05 17:48:03.270,18.815,0,False
2019-11-05 17:47:44.544,YAT,7006C,RA45,2019-11-05 17:49:35.225,110.681,15,False
2019-11-05 17:47:44.703,YAT,7009,GA20,2019-11-05 17:48:05.263,20.56,15,False
2019-11-05 17:47:45.142,LAT,6110,QA17,2019-11-05 17:48:21.199,36.057,32,False
2019-11-05 17:47:45.341,TIK,7118,RA19,2019-11-05 17:48:11.239,25.898,14,False
2019-11-05 17:47:45.529,HOM,14,RA09,2019-11-05 17:48:10.053,24.524,7,False
2019-11-05 17:47:46.073,KOB,09,GA03,2019-11-05 17:49:01.224,75.151,59,True
2019-11-05 17:47:46.073,SKM,03,GA06,2019-11-05 17:48:07.654,21.581,7,False
2019-11-05 17:47:46.138,KWT,6015,GA01,2019-11-05 17:48:09.195,23.057,14,False
2019-11-05 17:47:46.337,DIH,09,GA36,2019-11-05 17:48:06.653,20.316,9,False
2019-11-05 17:47:46.934,NTK,07,GA02,2019-11-05 17:48:12.633,25.699,9,False
2019-11-05 17:47:47.134,NTK,02,QA16,2019-11-05 17:48:03.668,16.534,7,False
2019-11-05 17:47:47.845,KWT,6012,RA44,2019-11-05 17:48:12.434,24.589,10,False
2019-11-05 17:47:49.723,MOK,43,GA07,2019-11-05 17:48:11.637,21.914,7,False
2019-11-05 17:47:51.435,CHH,14,RA15,2019-11-05 17:48:11.052,19.617,6,False
2019-11-05 17:47:51.517,KWT,6003,GA35,2019-11-05 17:48:12.434,20.917,4,False
2019-11-05 17:47:53.036,HOM,22,RA09,2019-11-05 17:48:18.360,25.324,5,False
2019-11-05 17:47:53.483,SKM,05,GA06,2019-11-05 17:48:27.574,34.091,8,False
2019-11-05 17:47:53.907,MOK,40,QA40,2019-11-05 17:49:10.007,76.1,59,True
2019-11-05 17:47:54.505,NTK,04,QA16,2019-11-05 17:48:18.609,24.104,7,False
2019-11-05 17:47:54.505,KOT,13,GA05,2019-11-05 17:48:11.637,17.132,8,False
2019-11-05 17:47:55.087,HOM,08,QA10,2019-11-05 17:48:49.288,54.201,26,False
2019-11-05 17:47:56.098,CHH,01,GA36,2019-11-05 17:48:12.633,16.535,6,False
2019-11-05 17:47:56.297,KWT,6005,GA35,2019-11-05 17:48:23.391,27.094,7,False
2019-11-05 17:47:56.653,NTK,09,GA02,2019-11-05 17:49:06.022,69.369,11,False
2019-11-05 17:47:57.041,MOK,45,GA07,2019-11-05 17:48:35.543,38.502,13,False
2019-11-05 17:47:57.494,WTS,09,GA04,2019-11-05 17:48:14.625,17.131,8,False
2019-11-05 17:47:58.087,CHH,16,RA15,2019-11-05 17:48:15.025,16.938,4,False
2019-11-05 17:47:58.290,HOM,05,RA09,2019-11-05 17:48:27.774,29.484,2,False
2019-11-05 17:47:58.688,KWT,6010,RA44,2019-11-05 17:48:29.367,30.679,9,False
2019-11-05 17:47:59.684,TIK,7116,RA19,2019-11-05 17:48:30.364,30.68,1,False
2019-11-05 17:48:00.083,YAT,7006B,RA45,2019-11-05 17:49:43.275,103.192,0,False
2019-11-05 17:48:00.481,LAT,6101,GA01,2019-11-05 17:48:13.231,12.75,17,False
2019-11-05 17:48:00.607,TIK,7101,GA20,2019-11-05 17:48:37.335,36.728,48,False
2019-11-05 17:48:00.852,TIK,7114,RA19,2019-11-05 17:48:52.676,51.824,32,False
2019-11-05 17:48:01.079,YAT,7006A,RA45,2019-11-05 17:49:47.260,106.181,92,True
2019-11-05 17:48:01.278,HOM,03,RA09,2019-11-05 17:50:45.147,163.869,,False
2019-11-05 17:48:01.875,NTK,06,QA16,2019-11-05 17:49:20.166,78.291,62,True
2019-11-05 17:48:02.274,SKM,07,GA06,2019-11-05 17:48:40.523,38.249,11,False
2019-11-05 17:48:02.652,HOM,19,GA08,2019-11-05 17:48:35.343,32.691,20,False
2019-11-05 17:48:02.872,KOT,15,GA05,2019-11-05 17:48:18.609,15.737,6,False
2019-11-05 17:48:03.062,CHH,03,GA36,2019-11-05 17:48:18.211,15.149,4,False
2019-11-05 17:48:03.071,CHH,18,RA15,2019-11-05 17:48:18.609,15.538,3,False
2019-11-05 17:48:03.469,KWT,6007,GA35,2019-11-05 17:49:31.076,87.607,69,True
2019-11-05 17:48:04.751,SKM,15,GA37,2019-11-05 17:48:29.566,24.815,13,False
2019-11-05 17:48:06.059,WTS,11,GA04,2019-11-05 17:48:22.595,16.536,6,False
2019-11-05 17:48:06.653,CHH,20,RA15,2019-11-05 17:48:23.590,16.937,5,False
2019-11-05 17:48:07.254,CHH,05,GA36,2019-11-05 17:48:23.590,16.336,4,False
2019-11-05 17:48:07.852,KWT,6008,RA44,2019-11-05 17:49:40.486,92.634,75,True
2019-11-05 17:48:08.450,NTK,11,GA02,2019-11-05 17:49:21.162,72.712,54,True
2019-11-05 17:48:09.035,LOF,01,GA05,2019-11-05 17:48:24.586,15.551,5,False
2019-11-05 17:48:09.035,SKM,14,RA12,2019-11-05 17:48:27.176,18.141,6,False
2019-11-05 17:48:09.446,KOT,12,QA13,2019-11-05 17:48:33.152,23.706,12,False
2019-11-05 17:48:10.641,MOK,47,GA07,2019-11-05 17:49:52.531,101.89,84,True
2019-11-05 17:48:11.052,WHA,04,GA39,2019-11-05 17:48:39.925,28.873,10,False
2019-11-05 17:48:11.836,DIH,02,RA15,2019-11-05 17:48:31.160,19.324,8,False
2019-11-05 17:48:12.235,CHH,07,GA36,2019-11-05 17:48:26.566,14.331,2,False
2019-11-05 17:48:12.671,DIH,01,GA04,2019-11-05 17:48:34.148,21.477,6,False
2019-11-05 17:48:13.430,SKM,09,GA06,2019-11-05 17:48:45.702,32.272,13,False
2019-11-05 17:48:15.025,LOF,03,GA05,2019-11-05 17:48:31.558,16.533,5,False
2019-11-05 17:48:15.224,CHH,09B,GA36,2019-11-05 17:48:43.114,27.89,7,False
2019-11-05 17:48:15.397,SKM,16,RA12,2019-11-05 17:48:31.559,16.162,4,False
2019-11-05 17:48:17.414,YMT,37,GA38,2019-11-05 17:48:38.132,20.718,6,False
2019-11-05 17:48:17.613,LAT,6103,GA01,2019-11-05 17:48:31.360,13.747,0,False
2019-11-05 17:48:17.813,TIK,7110,QA18,2019-11-05 17:48:26.977,9.164,0,False
2019-11-05 17:48:17.813,LAT,6108,QA17,2019-11-05 17:48:35.344,17.531,0,False
2019-11-05 17:48:18.012,YAT,7001,GA46,2019-11-05 17:48:34.347,16.335,0,False
2019-11-05 17:48:18.212,LAT,6106,QA17,2019-11-05 17:49:23.155,64.943,10,False
2019-11-05 17:48:18.359,LAT,6105,GA01,2019-11-05 17:49:31.124,72.765,55,True
2019-11-05 17:48:18.410,TIK,7108,QA18,2019-11-05 17:48:34.348,15.938,20,False
2019-11-05 17:48:18.609,YAT,7003A,GA46,2019-11-05 17:49:28.272,69.663,21,False
2019-11-05 17:48:18.671,SKM,17,GA37,2019-11-05 17:48:37.535,18.864,11,False
2019-11-05 17:48:19.606,DIH,03,GA04,2019-11-05 17:49:23.029,63.423,9,False
2019-11-05 17:48:20.204,SKM,18,RA12,2019-11-05 17:48:40.523,20.319,8,False
2019-11-05 17:48:20.403,DIH,04,RA15,2019-11-05 17:48:37.535,17.132,6,False
2019-11-05 17:48:20.602,LOF,05,GA05,2019-11-05 17:48:44.667,24.065,7,False
2019-11-05 17:48:21.797,WHA,02,GA39,2019-11-05 17:48:50.881,29.084,10,False
2019-11-05 17:48:21.798,HOM,10,QA10,2019-11-05 17:49:54.233,92.435,13,False
2019-11-05 17:48:21.996,KOT,14,QA13,2019-11-05 17:48:42.117,20.121,8,False
2019-11-05 17:48:22.777,HOM,21,GA08,2019-11-05 17:48:57.854,35.077,21,False
2019-11-05 17:48:23.191,CHH,11,GA36,2019-11-05 17:49:42.663,79.472,64,True
2019-11-05 17:48:24.188,YMT,39,GA38,2019-11-05 17:48:45.096,20.908,7,False
2019-11-05 17:48:26.566,SKM,11,GA06,2019-11-05 17:48:54.664,28.098,8,False
2019-11-05 17:48:26.977,DIH,06,RA15,2019-11-05 17:48:57.059,30.082,10,False
2019-11-05 17:48:28.173,LOF,07,GA05,2019-11-05 17:49:40.685,72.512,10,False
2019-11-05 17:48:28.510,SKM,20,RA12,2019-11-05 17:48:54.069,25.559,11,False
2019-11-05 17:48:28.706,DIH,05,GA04,2019-11-05 17:49:33.093,64.387,51,True
2019-11-05 17:48:28.969,LAT,6104,QA17,2019-11-05 17:49:31.124,62.155,44,True
2019-11-05 17:48:29.765,SKM,19,GA37,2019-11-05 17:48:44.667,14.902,4,False
2019-11-05 17:48:30.961,KOT,16,QA13,2019-11-05 17:48:51.081,20.12,8,False
2019-11-05 17:48:31.757,YMT,41,GA38,2019-11-05 17:48:55.663,23.906,9,False
2019-11-05 17:48:31.958,HOM,20,GA39,2019-11-05 17:49:07.616,35.658,19,False
2019-11-05 17:48:32.953,TIK,7112C,RA19,2019-11-05 17:50:08.503,95.55,16,False
2019-11-05 17:48:34.746,SKM,21,GA37,2019-11-05 17:48:50.015,15.269,7,False
2019-11-05 17:48:35.343,HOM,12,QA10,2019-11-05 17:50:01.006,85.663,68,True
2019-11-05 17:48:35.543,SKM,13,GA06,2019-11-05 17:49:56.224,80.681,64,True
2019-11-05 17:48:37.335,DIH,08,RA15,2019-11-05 17:49:46.662,69.327,10,False
2019-11-05 17:48:38.929,LOF,09,GA05,2019-11-05 17:49:50.049,71.12,60,True
2019-11-05 17:48:38.929,TIK,7106,QA18,2019-11-05 17:48:55.265,16.336,10,False
2019-11-05 17:48:39.328,SKM,02,QA13,2019-11-05 17:48:59.647,20.319,8,False
2019-11-05 17:48:39.925,SKM,22A,RA12,2019-11-05 17:48:59.647,19.722,2,False
2019-11-05 17:48:40.439,YAT,7003B,GA46,2019-11-05 17:49:32.318,51.879,8,False
2019-11-05 17:48:41.011,YMT,42,RA11,2019-11-05 17:49:02.237,21.226,9,False
2019-11-05 17:48:41.718,MOK,31,GA38,2019-11-05 17:49:03.632,21.914,8,False
2019-11-05 17:48:41.917,KOT,01,GA37,2019-11-05 17:48:56.647,14.73,5,False
2019-11-05 17:48:42.316,SKM,22B,RA12,2019-11-05 17:49:55.603,73.287,4,False
2019-11-05 17:48:44.507,YMT,31,GA08,2019-11-05 17:49:09.608,25.101,12,False
2019-11-05 17:48:45.503,KOB,11,GA03,2019-11-05 17:49:11.003,25.5,14,False
2019-11-05 17:48:46.500,SKM,22C,RA12,2019-11-05 17:50:01.185,74.685,5,False
2019-11-05 17:48:47.695,SKM,04,QA13,2019-11-05 17:49:08.015,20.32,8,False
2019-11-05 17:48:47.894,KOT,03,GA37,2019-11-05 17:49:03.233,15.339,5,False
2019-11-05 17:48:47.894,DIH,10,RA15,2019-11-05 17:49:55.030,67.136,54,True
2019-11-05 17:48:48.890,TIK,7103,GA20,2019-11-05 17:48:52.676,3.786,0,False
2019-11-05 17:48:49.090,TIK,7112B,RA19,2019-11-05 17:50:12.361,83.271,0,False
2019-11-05 17:48:49.090,YAT,7003C,GA46,2019-11-05 17:49:35.225,46.135,0,False
2019-11-05 17:48:49.461,YAT,7003D,GA46,2019-11-05 17:49:39.093,49.632,35,True
2019-11-05 17:48:49.877,TIK,7112A,RA19,2019-11-05 17:50:20.330,90.453,84,True
2019-11-05 17:48:49.878,TIK,7105,GA20,2019-11-05 17:48:59.249,9.371,0,False
2019-11-05 17:48:49.886,TIK,7104,QA18,2019-11-05 17:49:06.221,16.335,18,False
2019-11-05 17:48:50.015,TIK,7107,GA20,2019-11-05 17:49:06.221,16.206,10,False
2019-11-05 17:48:50.085,LOF,12,RA41,2019-11-05 17:49:10.604,20.519,11,False
2019-11-05 17:48:50.085,YMT,44,RA11,2019-11-05 17:49:13.194,23.109,12,False
2019-11-05 17:48:50.682,MOK,33,GA38,2019-11-05 17:49:19.170,28.488,10,False
2019-11-05 17:48:51.281,HOM,18,GA39,2019-11-05 17:49:11.999,20.718,4,False
2019-11-05 17:48:51.845,MOK,32A,RA12,2019-11-05 17:50:07.181,75.336,58,True
2019-11-05 17:48:53.273,MOK,42,QA40,2019-11-05 17:49:17.178,23.905,8,False
2019-11-05 17:48:53.671,WTS,12,QA14,2019-11-05 17:49:14.190,20.519,9,False
2019-11-05 17:48:53.671,KOT,05,GA37,2019-11-05 17:49:10.604,16.933,6,False
2019-11-05 17:48:55.862,HOM,22,GA39,2019-11-05 17:49:16.581,20.719,4,False
2019-11-05 17:48:56.647,SKM,06,QA13,2019-11-05 17:49:17.178,20.531,7,False
2019-11-05 17:48:56.858,YMT,33,GA08,2019-11-05 17:49:20.166,23.308,4,False
2019-11-05 17:49:00.015,KOT,07,GA37,2019-11-05 17:49:24.510,24.495,7,False
2019-11-05 17:49:00.444,KOB,13,GA03,2019-11-05 17:49:19.967,19.523,9,False
2019-11-05 17:49:00.643,HOM,07,GA39,2019-11-05 17:49:25.944,25.301,4,False
2019-11-05 17:49:00.815,TIK,7109A,GA20,2019-11-05 17:50:11.107,70.292,7,False
2019-11-05 17:49:00.820,MOK,35,GA38,2019-11-05 17:50:20.130,79.31,9,False
2019-11-05 17:49:01.241,YMT,35,GA08,2019-11-05 17:50:22.123,80.882,63,True
2019-11-05 17:49:01.422,LOF,14,RA41,2019-11-05 17:49:18.573,17.151,8,False
2019-11-05 17:49:01.812,MOK,44,QA40,2019-11-05 17:49:23.029,21.217,5,False
2019-11-05 17:49:02.836,HOM,02,RA11,2019-11-05 17:49:36.104,33.268,20,False
2019-11-05 17:49:03.432,NTK,13,GA02,2019-11-05 17:49:33.093,29.661,15,False
2019-11-05 17:49:03.633,WTS,14,QA14,2019-11-05 17:49:21.162,17.529,7,False
2019-11-05 17:49:04.001,KOB,12,QA42,2019-11-05 17:49:24.510,20.509,10,False
2019-11-05 17:49:04.229,NTK,08,QA16,2019-11-05 17:49:30.127,25.898,15,False
2019-11-05 17:49:04.429,SKM,08,QA13,2019-11-05 17:49:31.721,27.292,7,False
2019-11-05 17:49:05.026,HOM,09,GA39,2019-11-05 17:50:14.353,69.327,7,False
2019-11-05 17:49:07.018,KOT,09,GA37,2019-11-05 17:50:47.621,100.603,84,True
2019-11-05 17:49:07.219,MOK,46,QA40,2019-11-05 17:49:32.662,25.443,11,False
2019-11-05 17:49:08.612,TIK,7102,QA18,2019-11-05 17:49:17.179,8.567,0,False
2019-11-05 17:49:08.811,TIK,7109B,GA20,2019-11-05 17:50:14.353,65.542,0,False
2019-11-05 17:49:09.210,TIK,7109C,GA20,2019-11-05 17:50:21.127,71.917,64,True
2019-11-05 17:49:09.409,YAT,7012,QA18,2019-11-05 17:49:41.084,31.675,20,False
2019-11-05 17:49:09.608,KOT,02,RA41,2019-11-05 17:49:26.143,16.535,7,False
2019-11-05 17:49:09.608,KOB,15,GA03,2019-11-05 17:49:28.135,18.527,9,False
2019-11-05 17:49:10.207,MOK,37,GA38,2019-11-05 17:50:24.513,74.306,58,True
2019-11-05 17:49:11.003,LOF,02,QA14,2019-11-05 17:49:28.528,17.525,5,False
2019-11-05 17:49:12.397,SKM,10,QA13,2019-11-05 17:50:24.514,72.117,11,False
2019-11-05 17:49:12.596,KWT,6009,GA35,2019-11-05 17:49:35.454,22.858,8,False
2019-11-05 17:49:12.995,HOM,11,GA39,2019-11-05 17:50:23.516,70.521,51,True
2019-11-05 17:49:13.792,LAT,6107,GA01,2019-11-05 17:49:37.300,23.508,11,False
2019-11-05 17:49:13.793,LAT,6102,QA17,2019-11-05 17:49:34.511,20.718,9,False
2019-11-05 17:49:14.190,KOB,14,QA42,2019-11-05 17:49:33.093,18.903,8,False
2019-11-05 17:49:16.746,KOT,04,RA41,2019-11-05 17:49:34.092,17.346,7,False
2019-11-05 17:49:16.746,LOF,04,QA14,2019-11-05 17:49:37.100,20.354,8,False
2019-11-05 17:49:18.772,YMT,32,QA40,2019-11-05 17:49:41.682,22.91,8,False
2019-11-05 17:49:18.972,NTK,01,GA03,2019-11-05 17:49:34.510,15.538,5,False
2019-11-05 17:49:19.370,NTK,15,GA02,2019-11-05 17:49:44.670,25.3,12,False
2019-11-05 17:49:19.569,NTK,10,QA16,2019-11-05 17:49:38.494,18.925,8,False
2019-11-05 17:49:19.768,DIH,07,GA04,2019-11-05 17:49:41.085,21.317,8,False
2019-11-05 17:49:21.163,KWT,6011,GA35,2019-11-05 17:49:40.846,19.683,6,False
2019-11-05 17:49:22.943,KOB,16,QA42,2019-11-05 17:49:41.682,18.739,9,False
2019-11-05 17:49:23.030,KWT,6006,RA44,2019-11-05 17:49:44.870,21.84,6,False
2019-11-05 17:49:23.155,KWT,6016,QA17,2019-11-05 17:49:48.056,24.901,11,False
2019-11-05 17:49:23.752,HOM,04,RA11,2019-11-05 17:49:50.868,27.116,14,False
2019-11-05 17:49:23.951,SKM,12,QA13,2019-11-05 17:50:34.656,70.705,58,True
2019-11-05 17:49:24.297,KOT,06,RA41,2019-11-05 17:49:48.056,23.759,5,False
2019-11-05 17:49:24.510,YAT,7005,GA46,2019-11-05 17:49:43.275,18.765,23,False
2019-11-05 17:49:24.549,NTK,03,GA03,2019-11-05 17:49:37.101,12.552,2,False
2019-11-05 17:49:24.748,LOF,06,QA14,2019-11-05 17:49:52.531,27.783,9,False
2019-11-05 17:49:24.897,LAT,6109,GA01,2019-11-05 17:49:59.212,34.315,29,False
2019-11-05 17:49:26.938,YMT,34,QA40,2019-11-05 17:49:43.674,16.736,2,False
2019-11-05 17:49:26.939,NTK,05,GA03,2019-11-05 17:49:47.460,20.521,7,False
2019-11-05 17:49:27.738,KWT,6013,GA35,2019-11-05 17:49:50.179,22.441,8,False
2019-11-05 17:49:27.936,CHH,13A,GA36,2019-11-05 17:49:52.531,24.595,12,False
2019-11-05 17:49:28.135,DIH,09,GA04,2019-11-05 17:49:50.049,21.914,10,False
2019-11-05 17:49:28.272,NTK,12,QA16,2019-11-05 17:49:41.682,13.41,3,False
2019-11-05 17:49:29.330,KWT,6004,RA44,2019-11-05 17:49:48.853,19.523,6,False
2019-11-05 17:49:29.454,YMT,36,QA40,2019-11-05 17:49:52.006,22.552,5,False
2019-11-05 17:49:29.928,YAT,7010,QA18,2019-11-05 17:50:06.185,36.257,19,False
2019-11-05 17:49:30.127,KOT,08,RA41,2019-11-05 17:50:59.575,89.448,10,False
2019-11-05 17:49:31.721,NTK,14,QA16,2019-11-05 17:49:47.061,15.34,6,False
2019-11-05 17:49:31.920,KWT,6001,GA02,2019-11-05 17:49:57.021,25.101,9,False
2019-11-05 17:49:32.663,CHH,02,QA42,2019-11-05 17:49:53.037,20.374,12,False
2019-11-05 17:49:33.713,YAT,7004,RA45,2019-11-05 17:49:51.190,17.477,14,False
2019-11-05 17:49:34.091,LOF,08,QA14,2019-11-05 17:50:55.590,81.499,11,False
2019-11-05 17:49:34.194,KWT,6014,QA17,2019-11-05 17:49:59.810,25.616,11,False
2019-11-05 17:49:34.511,YMT,38,QA40,2019-11-05 17:49:59.611,25.1,4,False
2019-11-05 17:49:34.680,SKM,01,GA07,2019-11-05 17:49:59.611,24.931,12,False
2019-11-05 17:49:34.709,NTK,07,GA03,2019-11-05 17:50:02.201,27.492,11,False
2019-11-05 17:49:35.705,KWT,6002,RA44,2019-11-05 17:49:58.958,23.253,11,False
2019-11-05 17:49:36.304,KWT,6015,GA35,2019-11-05 17:50:01.205,24.901,11,False
2019-11-05 17:49:38.296,KOB,02,QA16,2019-11-05 17:49:54.630,16.334,7,False
2019-11-05 17:49:38.494,HOM,06,RA11,2019-11-05 17:50:12.674,34.18,19,False
2019-11-05 17:49:38.637,YMT,40,QA40,2019-11-05 17:51:01.567,82.93,65,True
2019-11-05 17:49:39.092,CHH,01,GA04,2019-11-05 17:49:57.220,18.128,6,False
2019-11-05 17:49:39.291,LOF,11,GA05,2019-11-05 17:49:58.616,19.325,11,False
2019-11-05 17:49:40.046,SKM,15,GA06,2019-11-05 17:50:03.978,23.932,13,False
2019-11-05 17:49:40.486,KOT,10,RA41,2019-11-05 17:51:08.141,87.655,76,True
2019-11-05 17:49:40.685,CHH,15,GA36,2019-11-05 17:50:00.208,19.523,8,False
2019-11-05 17:49:41.085,KWT,6003,GA02,2019-11-05 17:50:03.397,22.312,5,False
2019-11-05 17:49:42.479,DIH,12,RA15,2019-11-05 17:50:05.505,23.026,11,False
2019-11-05 17:49:43.674,HOM,14,QA10,2019-11-05 17:50:05.505,21.831,8,False
2019-11-05 17:49:44.870,CHH,04,QA42,2019-11-05 17:50:05.987,21.117,9,False
2019-11-05 17:49:45.268,KWT,6012,QA17,2019-11-05 17:50:13.755,28.487,11,False
2019-11-05 17:49:45.666,LOF,10,QA14,2019-11-05 17:51:04.156,78.49,67,True
2019-11-05 17:49:45.840,NTK,09,GA03,2019-11-05 17:50:57.583,71.743,12,False
2019-11-05 17:49:46.045,CHH,03,GA04,2019-11-05 17:50:02.201,16.156,5,False
2019-11-05 17:49:46.186,KOB,04,QA16,2019-11-05 17:50:02.530,16.344,7,False
2019-11-05 17:49:46.454,KWT,6005,GA02,2019-11-05 17:50:14.553,28.099,7,False
2019-11-05 17:49:47.261,SKM,03,GA07,2019-11-05 17:50:07.181,19.92,8,False
2019-11-05 17:49:47.658,YAT,7007,GA46,2019-11-05 17:50:08.503,20.845,12,False
2019-11-05 17:49:47.658,NTK,02,RA44,2019-11-05 17:50:04.990,17.332,7,False
2019-11-05 17:49:47.858,YAT,7002,RA45,2019-11-05 17:49:57.220,9.362,1,False
2019-11-05 17:49:48.256,LAT,6101,GA35,2019-11-05 17:50:05.188,16.932,11,False
2019-11-05 17:49:48.983,LAT,6112,RA45,2019-11-05 17:50:30.489,41.506,27,False
2019-11-05 17:49:49.252,YAT,7008,QA18,2019-11-05 17:50:27.093,37.841,14,False
2019-11-05 17:49:49.651,CHH,17,GA36,2019-11-05 17:50:07.580,17.929,6,False
2019-11-05 17:49:50.179,MOK,32B,RA12,2019-11-05 17:50:11.523,21.344,5,False
2019-11-05 17:49:50.647,LOF,13,GA05,2019-11-05 17:50:07.181,16.534,7,False
2019-11-05 17:49:51.189,CHH,05,GA04,2019-11-05 17:50:08.559,17.37,5,False
2019-11-05 17:49:52.006,HOM,16,QA10,2019-11-05 17:50:09.173,17.167,3,False
2019-11-05 17:49:53.634,SKM,17,GA06,2019-11-05 17:50:12.161,18.527,10,False
2019-11-05 17:49:53.834,WTS,02,RA15,2019-11-05 17:50:14.153,20.319,8,False
2019-11-05 17:49:54.034,KOB,06,QA16,2019-11-05 17:50:17.092,23.058,7,False
2019-11-05 17:49:54.232,YAT,7001,GA01,2019-11-05 17:50:27.093,32.861,21,False
2019-11-05 17:49:54.232,KWT,6007,GA02,2019-11-05 17:51:14.117,79.885,61,True
2019-11-05 17:49:54.781,CHH,06,QA42,2019-11-05 17:50:16.663,21.882,8,False
2019-11-05 17:49:55.604,SKM,05,GA07,2019-11-05 17:50:14.679,19.075,7,False
2019-11-05 17:49:55.604,NTK,04,RA44,2019-11-05 17:50:20.529,24.925,7,False
2019-11-05 17:49:55.627,HOM,18,QA10,2019-11-05 17:50:12.361,16.734,3,False
2019-11-05 17:49:56.025,MOK,34A,RA12,2019-11-05 17:50:17.092,21.067,7,False
2019-11-05 17:49:56.224,CHH,19,GA36,2019-11-05 17:50:15.548,19.324,7,False
2019-11-05 17:49:56.623,CHH,07,GA04,2019-11-05 17:50:11.523,14.9,3,False
2019-11-05 17:49:56.823,KWT,6010,QA17,2019-11-05 17:50:30.290,33.467,11,False
2019-11-05 17:49:57.619,HOM,08,RA11,2019-11-05 17:50:49.414,51.795,27,False
2019-11-05 17:49:58.017,WTS,01,GA05,2019-11-05 17:50:16.663,18.646,9,False
2019-11-05 17:49:58.616,NTK,11,GA03,2019-11-05 17:51:10.133,71.517,56,True
2019-11-05 17:49:59.612,HOM,20,QA10,2019-11-05 17:50:24.114,24.502,,False
2019-11-05 17:49:59.811,CHH,09B,GA04,2019-11-05 17:50:28.098,28.287,8,False
2019-11-05 17:50:00.010,LAT,6103,GA35,2019-11-05 17:50:24.313,24.303,2,False
2019-11-05 17:50:00.208,YAT,7009,GA46,2019-11-05 17:50:22.321,22.113,16,False
2019-11-05 17:50:01.185,KOB,08,QA16,2019-11-05 17:52:11.690,130.505,11,False
2019-11-05 17:50:01.404,HOM,20,GA10,2019-11-05 17:50:24.114,22.71,10,False
2019-11-05 17:50:02.400,WTS,04,RA15,2019-11-05 17:50:22.520,20.12,8,False
2019-11-05 17:50:02.975,LAT,6105,GA35,2019-11-05 17:51:19.098,76.123,58,True
2019-11-05 17:50:02.997,SKM,07,GA07,2019-11-05 17:50:22.520,19.523,8,False
2019-11-05 17:50:03.198,CHH,08,QA42,2019-11-05 17:50:27.092,23.894,4,False
2019-11-05 17:50:03.595,NTK,06,RA44,2019-11-05 17:52:02.526,118.931,105,True
2019-11-05 17:50:03.794,MOK,34B,RA12,2019-11-05 17:50:22.514,18.72,6,False
2019-11-05 17:50:03.794,SKM,19,GA06,2019-11-05 17:50:19.134,15.34,5,False
2019-11-05 17:50:03.978,CHH,21,GA36,2019-11-05 17:50:23.517,19.539,7,False
2019-11-05 17:50:04.193,YAT,7006C,QA18,2019-11-05 17:51:10.332,66.139,12,False
2019-11-05 17:50:04.657,HOM,13,GA39,2019-11-05 17:50:28.497,23.84,6,False
2019-11-05 17:50:05.188,YMT,37,GA08,2019-11-05 17:50:25.510,20.322,6,False
2019-11-05 17:50:05.786,CHH,30,RA43,2019-11-05 17:50:35.669,29.883,10,False
2019-11-05 17:50:07.380,WTS,03,GA05,2019-11-05 17:50:32.084,24.704,5,False
2019-11-05 17:50:07.978,CHH,10,QA42,2019-11-05 17:51:29.056,81.078,63,True
2019-11-05 17:50:07.978,KWT,6008,QA17,2019-11-05 17:52:12.487,124.509,106,True
2019-11-05 17:50:08.503,MOK,39,GA38,2019-11-05 17:50:30.092,21.589,8,False
2019-11-05 17:50:08.559,CHH,11,GA04,2019-11-05 17:51:21.488,72.929,57,True
2019-11-05 17:50:09.572,SKM,21,GA06,2019-11-05 17:50:26.106,16.534,6,False
2019-11-05 17:50:10.368,MOK,36,RA12,2019-11-05 17:50:40.649,30.281,12,False
2019-11-05 17:50:10.767,WTS,06,RA15,2019-11-05 17:50:36.067,25.3,7,False
2019-11-05 17:50:11.107,SKM,09,GA07,2019-11-05 17:50:26.704,15.597,3,False
2019-11-05 17:50:11.165,HOM,15,GA39,2019-11-05 17:50:40.853,29.688,14,False
2019-11-05 17:50:11.962,KOB,01,GA36,2019-11-05 17:50:31.087,19.125,6,False
2019-11-05 17:50:12.161,YMT,39,GA08,2019-11-05 17:50:32.481,20.32,6,False
2019-11-05 17:50:12.162,WHA,02,GA10,2019-11-05 17:50:32.084,19.922,6,False
2019-11-05 17:50:12.759,KOB,10,QA16,2019-11-05 17:52:21.654,128.895,120,True
2019-11-05 17:50:13.157,WTS,05,GA05,2019-11-05 17:51:27.664,74.507,59,True
2019-11-05 17:50:13.954,TIK,7111,GA20,2019-11-05 17:50:27.102,13.148,2,False
2019-11-05 17:50:13.954,TIK,7110,RA19,2019-11-05 17:50:26.107,12.153,2,False
2019-11-05 17:50:14.680,SKM,11,GA07,2019-11-05 17:50:35.669,20.989,3,False
2019-11-05 17:50:15.700,YAT,7003A,GA01,2019-11-05 17:51:12.281,56.581,0,False
2019-11-05 17:50:16.345,LAT,6110,RA45,2019-11-05 17:50:53.199,36.854,25,False
2019-11-05 17:50:16.345,YAT,7006B,QA18,2019-11-05 17:51:11.317,54.972,4,False
2019-11-05 17:50:16.346,TIK,7113,GA20,2019-11-05 17:50:41.247,24.901,24,False
2019-11-05 17:50:16.519,TIK,7101,GA46,2019-11-05 17:50:59.176,42.657,26,False
2019-11-05 17:50:16.520,YAT,7003B,GA01,2019-11-05 17:51:19.097,62.577,4,False
2019-11-05 17:50:16.520,TIK,7108,RA19,2019-11-05 17:50:33.278,16.758,5,False
2019-11-05 17:50:16.544,MOK,41,GA38,2019-11-05 17:50:35.071,18.527,5,False
2019-11-05 17:50:16.544,KOT,01,GA06,2019-11-05 17:50:36.067,19.523,6,False
2019-11-05 17:50:16.663,CHH,32,RA43,2019-11-05 17:50:54.144,37.481,20,False
2019-11-05 17:50:17.938,WTS,08,RA15,2019-11-05 17:51:31.051,73.113,11,False
2019-11-05 17:50:18.338,SKM,13,GA07,2019-11-05 17:51:37.028,78.69,62,True
2019-11-05 17:50:18.536,KOB,03,GA36,2019-11-05 17:50:38.639,20.103,9,False
2019-11-05 17:50:18.854,YMT,41,GA08,2019-11-05 17:50:42.043,23.189,10,False
2019-11-05 17:50:18.935,WHA,04,GA10,2019-11-05 17:50:44.696,25.761,8,False
2019-11-05 17:50:20.927,YAT,7003C,GA01,2019-11-05 17:51:19.297,58.37,1,False
2019-11-05 17:50:21.325,YAT,7006A,QA18,2019-11-05 17:51:19.098,57.773,40,True
2019-11-05 17:50:21.923,MOK,43,GA38,2019-11-05 17:50:39.653,17.73,5,False
2019-11-05 17:50:22.123,TIK,7106,RA19,2019-11-05 17:50:53.199,31.076,21,False
2019-11-05 17:50:22.321,SKM,14,QA13,2019-11-05 17:50:41.047,18.726,6,False
2019-11-05 17:50:22.649,YAT,7003D,GA01,2019-11-05 17:51:23.281,60.632,44,True
2019-11-05 17:50:23.118,MOK,38,RA12,2019-11-05 17:51:45.991,82.873,9,False
2019-11-05 17:50:23.317,KOT,03,GA06,2019-11-05 17:50:54.145,30.828,7,False
2019-11-05 17:50:25.110,HOM,10,RA11,2019-11-05 17:51:53.761,88.651,9,False
2019-11-05 17:50:25.510,HOM,17,GA39,2019-11-05 17:51:00.969,35.459,22,False
2019-11-05 17:50:27.302,WHA,06,GA10,2019-11-05 17:53:05.677,158.375,139,True
2019-11-05 17:50:27.303,MOK,45,GA38,2019-11-05 17:50:59.176,31.873,11,False
2019-11-05 17:50:27.700,KOB,05,GA36,2019-11-05 17:50:48.020,20.32,10,False
2019-11-05 17:50:28.498,SKM,16,QA13,2019-11-05 17:50:45.147,16.649,4,False
2019-11-05 17:50:28.895,HOM,05,GA09,2019-11-05 17:50:53.399,24.504,8,False
2019-11-05 17:50:29.294,MOK,31,GA08,2019-11-05 17:50:52.004,22.71,8,False
2019-11-05 17:50:29.493,WTS,10,RA15,2019-11-05 17:51:40.016,70.523,59,True
2019-11-05 17:50:31.049,KOT,05,GA06,2019-11-05 17:51:06.238,35.189,12,False
2019-11-05 17:50:31.883,KOT,11,GA37,2019-11-05 17:50:56.586,24.703,14,False
2019-11-05 17:50:32.995,MOK,40,RA12,2019-11-05 17:51:53.560,80.565,63,True
2019-11-05 17:50:32.996,SKM,18,QA13,2019-11-05 17:50:55.192,22.196,10,False
2019-11-05 17:50:34.274,HOM,12,RA11,2019-11-05 17:52:02.297,88.023,69,True
2019-11-05 17:50:36.865,CHH,34,RA43,2019-11-05 17:51:02.164,25.299,8,False
2019-11-05 17:50:37.013,HOM,07,GA09,2019-11-05 17:51:02.327,25.314,5,False
2019-11-05 17:50:37.461,MOK,33,GA08,2019-11-05 17:51:08.141,30.68,10,False
2019-11-05 17:50:38.059,KOB,07,GA36,2019-11-05 17:51:07.144,29.085,10,False
2019-11-05 17:50:38.639,MOK,47,GA38,2019-11-05 17:52:06.075,87.436,70,True
2019-11-05 17:50:41.047,TIK,7115,GA20,2019-11-05 17:50:45.148,4.101,0,False
2019-11-05 17:50:41.645,TIK,7149,GA20,2019-11-05 17:50:51.153,9.508,0,False
2019-11-05 17:50:42.015,TIK,7120,GA20,2019-11-05 17:51:01.077,19.062,0,False
2019-11-05 17:50:42.016,LAT,6108,RA45,2019-11-05 17:51:10.333,28.317,1,False
2019-11-05 17:50:42.243,TIK,7122,GA20,2019-11-05 17:51:37.226,54.983,,False
2019-11-05 17:50:42.852,HOM,09,GA09,2019-11-05 17:52:13.453,90.601,7,False
2019-11-05 17:50:43.240,SKM,20,QA13,2019-11-05 17:51:11.527,28.287,10,False
2019-11-05 17:50:43.438,TIK,7103,GA46,2019-11-05 17:51:15.113,31.675,17,False
2019-11-05 17:50:43.637,TIK,7104,RA19,2019-11-05 17:51:10.332,26.695,11,False
2019-11-05 17:50:43.853,LAT,6106,RA45,2019-11-05 17:51:56.350,72.497,9,False
2019-11-05 17:50:44.036,KOT,07,GA06,2019-11-05 17:51:20.492,36.456,17,False
2019-11-05 17:50:44.235,YMT,42,QA40,2019-11-05 17:51:05.551,21.316,9,False
2019-11-05 17:50:45.829,CHH,36,RA43,2019-11-05 17:51:08.540,22.711,5,False
2019-11-05 17:50:46.227,KOT,13,GA37,2019-11-05 17:51:04.156,17.929,7,False
2019-11-05 17:50:47.822,MOK,35,GA08,2019-11-05 17:51:59.139,71.317,11,False
2019-11-05 17:50:48.418,HOM,19,GA39,2019-11-05 17:51:24.277,35.859,23,False
2019-11-05 17:50:48.817,KOB,09,GA36,2019-11-05 17:52:39.581,110.764,95,True
2019-11-05 17:50:50.012,HOM,11,GA09,2019-11-05 17:52:22.429,92.417,73,True
2019-11-05 17:50:51.606,CHH,27,RA43,2019-11-05 17:51:21.089,29.483,7,False
2019-11-05 17:50:53.000,LAT,6104,RA45,2019-11-05 17:52:02.297,69.297,55,True
2019-11-05 17:50:53.001,LOF,12,QA14,2019-11-05 17:51:13.121,20.12,11,False
2019-11-05 17:50:53.598,YMT,44,QA40,2019-11-05 17:51:17.105,23.507,12,False
2019-11-05 17:50:54.145,SKM,22A,QA13,2019-11-05 17:51:18.500,24.355,2,False
2019-11-05 17:50:54.195,KOT,15,GA37,2019-11-05 17:51:11.129,16.934,7,False
2019-11-05 17:50:54.794,TIK,7102,RA19,2019-11-05 17:51:19.210,24.416,12,False
2019-11-05 17:50:54.992,NTK,13,GA03,2019-11-05 17:51:22.082,27.09,13,False
2019-11-05 17:50:55.989,KWT,6009,GA02,2019-11-05 17:51:19.097,23.108,8,False
2019-11-05 17:50:56.587,KOT,12,RA41,2019-11-05 17:51:17.505,20.918,11,False
2019-11-05 17:50:56.785,SKM,22B,QA13,2019-11-05 17:52:24.656,87.871,5,False
2019-11-05 17:50:58.730,CHH,25,RA43,2019-11-05 17:52:56.657,117.927,103,False
2019-11-05 17:50:59.575,MOK,37,GA08,2019-11-05 17:52:05.714,66.139,49,True
2019-11-05 17:51:01.169,KOT,09,GA06,2019-11-05 17:52:27.030,85.861,72,True
2019-11-05 17:51:01.367,LOF,01,GA37,2019-11-05 17:51:17.105,15.738,6,False
2019-11-05 17:51:01.436,TIK,7105,GA46,2019-11-05 17:51:28.265,26.829,5,False
2019-11-05 17:51:01.766,LAT,6107,GA35,2019-11-05 17:51:25.273,23.507,11,False
2019-11-05 17:51:01.950,YAT,7004,QA18,2019-11-05 17:51:21.281,19.331,6,False
2019-11-05 17:51:02.164,SKM,22C,QA13,2019-11-05 17:52:30.217,88.053,5,False
2019-11-05 17:51:04.156,KWT,6011,GA02,2019-11-05 17:51:24.078,19.922,6,False
2019-11-05 17:51:04.682,LOF,14,QA14,2019-11-05 17:51:20.492,15.81,7,False
2019-11-05 17:51:06.348,HOM,02,QA40,2019-11-05 17:51:40.016,33.668,21,False
2019-11-05 17:51:06.547,CHH,13A,GA04,2019-11-05 17:51:31.050,24.503,12,False
2019-11-05 17:51:06.652,YAT,7005,GA01,2019-11-05 17:51:29.203,22.551,15,False
2019-11-05 17:51:06.945,YAT,7012,RA19,2019-11-05 17:51:41.210,34.265,32,False
2019-11-05 17:51:07.300,TIK,7107,GA46,2019-11-05 17:51:39.219,31.919,15,False
2019-11-05 17:51:07.941,MOK,32A,QA13,2019-11-05 17:52:36.592,88.651,70,True
2019-11-05 17:51:08.140,NTK,15,GA03,2019-11-05 17:51:36.031,27.891,12,False
2019-11-05 17:51:08.140,LOF,03,GA37,2019-11-05 17:51:24.078,15.938,5,False
2019-11-05 17:51:08.341,KOT,14,RA41,2019-11-05 17:51:24.078,15.737,7,False
2019-11-05 17:51:08.931,YAT,7002,QA18,2019-11-05 17:51:29.203,20.272,13,False
2019-11-05 17:51:10.332,KWT,6013,GA02,2019-11-05 17:51:33.441,23.109,9,False
2019-11-05 17:51:11.726,CHH,12,QA42,2019-11-05 17:51:35.632,23.906,9,False
2019-11-05 17:51:12.125,HOM,21,GA39,2019-11-05 17:51:47.386,35.261,21,False
2019-11-05 17:51:12.281,KOT,02,QA14,2019-11-05 17:51:28.062,15.781,6,False
2019-11-05 17:51:12.524,WTS,07,GA05,2019-11-05 17:51:36.032,23.508,14,False
2019-11-05 17:51:13.121,LAT,6109,GA35,2019-11-05 17:51:45.189,32.068,27,False
2019-11-05 17:51:13.519,LOF,05,GA37,2019-11-05 17:51:38.024,24.505,7,False
2019-11-05 17:51:16.109,KOT,16,RA41,2019-11-05 17:51:31.051,14.942,7,False
2019-11-05 17:51:18.657,KOT,04,QA14,2019-11-05 17:51:36.031,17.374,7,False
2019-11-05 17:51:19.210,CHH,15,GA04,2019-11-05 17:51:39.218,20.008,8,False
2019-11-05 17:51:19.695,KWT,6015,GA02,2019-11-05 17:51:45.189,25.494,19,False
2019-11-05 17:51:20.293,KWT,6001,GA03,2019-11-05 17:51:51.370,31.077,11,False
2019-11-05 17:51:20.679,LOF,07,GA37,2019-11-05 17:52:40.576,79.897,11,False
2019-11-05 17:51:21.281,CHH,14,QA42,2019-11-05 17:51:41.609,20.328,7,False
2019-11-05 17:51:21.281,SKM,15,GA07,2019-11-05 17:51:45.107,23.826,13,False
2019-11-05 17:51:22.083,YAT,7007,GA01,2019-11-05 17:51:51.171,29.088,25,False
2019-11-05 17:51:22.683,LAT,6112,QA18,2019-11-05 17:52:07.094,44.411,25,False
2019-11-05 17:51:23.082,TIK,7109A,GA46,2019-11-05 17:52:45.357,82.275,15,False
2019-11-05 17:51:23.281,TIK,7120,QA20,2019-11-05 17:51:45.189,21.908,15,False
2019-11-05 17:51:23.878,SKM,02,RA41,2019-11-05 17:51:37.624,13.746,4,False
2019-11-05 17:51:25.871,KOT,06,QA14,2019-11-05 17:51:50.505,24.634,5,False
2019-11-05 17:51:27.066,WTS,09,GA05,2019-11-05 17:51:44.198,17.132,8,False
2019-11-05 17:51:27.864,HOM,04,QA40,2019-11-05 17:51:54.951,27.087,14,False
2019-11-05 17:51:28.016,CHH,17,GA04,2019-11-05 17:51:46.988,18.972,7,False
2019-11-05 17:51:28.448,SKM,04,RA41,2019-11-05 17:51:43.602,15.154,6,False
2019-11-05 17:51:29.055,WTS,12,RA15,2019-11-05 17:51:48.980,19.925,9,False
2019-11-05 17:51:29.204,CHH,16,QA42,2019-11-05 17:51:46.589,17.385,3,False
2019-11-05 17:51:31.649,KWT,6003,GA03,2019-11-05 17:51:58.542,26.893,6,False
2019-11-05 17:51:31.847,KOT,08,QA14,2019-11-05 17:53:14.243,102.396,11,False
2019-11-05 17:51:32.046,LOF,09,GA37,2019-11-05 17:52:49.541,77.495,66,True
2019-11-05 17:51:32.645,CHH,18,QA42,2019-11-05 17:51:50.504,17.859,3,False
2019-11-05 17:51:34.038,YMT,31,GA39,2019-11-05 17:51:59.539,25.501,12,False
2019-11-05 17:51:34.438,SKM,17,GA07,2019-11-05 17:51:53.163,18.725,9,False
2019-11-05 17:51:34.636,SKM,06,RA41,2019-11-05 17:51:50.505,15.869,5,False
2019-11-05 17:51:35.034,CHH,19,GA04,2019-11-05 17:51:54.557,19.523,7,False
2019-11-05 17:51:35.433,WTS,11,GA05,2019-11-05 17:51:52.167,16.734,6,False
2019-11-05 17:51:36.599,MOK,42,RA12,2019-11-05 17:52:01.062,24.463,8,False
2019-11-05 17:51:36.628,CHH,20,QA42,2019-11-05 17:51:55.554,18.926,6,False
2019-11-05 17:51:38.620,KWT,6005,GA03,2019-11-05 17:52:10.296,31.676,9,False
2019-11-05 17:51:38.821,WTS,14,RA15,2019-11-05 17:51:56.151,17.33,6,False
2019-11-05 17:51:39.020,TIK,7109B,GA46,2019-11-05 17:52:48.146,69.126,0,False
2019-11-05 17:51:39.219,TIK,7118,QA20,2019-11-05 17:51:45.189,5.97,0,False
2019-11-05 17:51:39.412,LAT,6101,GA02,2019-11-05 17:51:49.180,9.768,0,False
2019-11-05 17:51:39.593,YAT,7010,RA19,2019-11-05 17:51:58.343,18.75,8,False
2019-11-05 17:51:39.616,TIK,7109C,GA46,2019-11-05 17:52:55.318,75.702,61,True
2019-11-05 17:51:39.816,TIK,7116,QA20,2019-11-05 17:51:52.964,13.148,6,False
2019-11-05 17:51:40.015,LAT,6103,GA02,2019-11-05 17:52:07.094,27.079,8,False
2019-11-05 17:51:40.147,YAT,7001,GA35,2019-11-05 17:52:12.089,31.942,29,False
2019-11-05 17:51:40.413,SKM,08,RA41,2019-11-05 17:52:04.120,23.707,8,False
2019-11-05 17:51:41.610,DIH,01,GA05,2019-11-05 17:52:04.120,22.51,7,False
2019-11-05 17:51:42.605,HOM,06,QA40,2019-11-05 17:52:16.655,34.05,19,False
2019-11-05 17:51:43.003,CHH,21,GA04,2019-11-05 17:52:02.526,19.523,7,False
2019-11-05 17:51:43.401,KOT,10,QA14,2019-11-05 17:53:23.607,100.206,87,True
2019-11-05 17:51:43.601,DIH,02,QA42,2019-11-05 17:52:03.522,19.921,8,False
2019-11-05 17:51:43.800,HOM,14,RA11,2019-11-05 17:52:07.905,24.105,8,False
2019-11-05 17:51:44.398,SKM,19,GA07,2019-11-05 17:51:59.539,15.141,6,False
2019-11-05 17:51:45.593,MOK,44,RA12,2019-11-05 17:52:06.510,20.917,5,False
2019-11-05 17:51:45.792,LOF,02,RA15,2019-11-05 17:52:04.120,18.328,6,False
2019-11-05 17:51:46.590,YMT,33,GA39,2019-11-05 17:52:10.656,24.066,5,False
2019-11-05 17:51:46.725,TIK,7114,QA20,2019-11-05 17:52:05.634,18.909,12,False
2019-11-05 17:51:47.188,YAT,7009,GA01,2019-11-05 17:52:07.307,20.119,22,False
2019-11-05 17:51:47.784,YAT,7008,RA19,2019-11-05 17:52:14.430,26.646,22,False
2019-11-05 17:51:48.165,LAT,6110,QA18,2019-11-05 17:52:32.113,43.948,51,False
2019-11-05 17:51:48.183,LAT,6105,GA02,2019-11-05 17:53:02.291,74.108,64,True
2019-11-05 17:51:48.382,LAT,6102,RA45,2019-11-05 17:52:07.094,18.712,6,False
2019-11-05 17:51:48.581,KWT,6007,GA03,2019-11-05 17:53:09.661,81.08,62,True
2019-11-05 17:51:48.780,SKM,10,RA41,2019-11-05 17:52:58.705,69.925,8,False
2019-11-05 17:51:48.979,NTK,08,RA44,2019-11-05 17:52:12.661,23.682,11,False
2019-11-05 17:51:49.378,SKM,01,GA38,2019-11-05 17:52:13.682,24.304,11,False
2019-11-05 17:51:49.378,MOK,39,GA08,2019-11-05 17:52:14.081,24.703,5,False
2019-11-05 17:51:49.563,DIH,03,GA05,2019-11-05 17:53:06.076,76.513,8,False
2019-11-05 17:51:50.772,SKM,21,GA07,2019-11-05 17:52:06.511,15.739,6,False
2019-11-05 17:51:50.972,KOB,01,GA04,2019-11-05 17:52:11.092,20.12,7,False
2019-11-05 17:51:51.103,MOK,46,RA12,2019-11-05 17:52:16.656,25.553,11,False
2019-11-05 17:51:51.769,YMT,35,GA39,2019-11-05 17:53:08.645,76.876,60,True
2019-11-05 17:51:51.968,HOM,22,RA11,2019-11-05 17:52:15.674,23.706,4,False
2019-11-05 17:51:52.167,LOF,04,RA15,2019-11-05 17:52:11.092,18.925,7,False
2019-11-05 17:51:52.366,DIH,04,QA42,2019-11-05 17:52:10.007,17.641,6,False
2019-11-05 17:51:54.358,KWT,6006,QA17,2019-11-05 17:52:16.870,22.512,7,False
2019-11-05 17:51:54.452,KWT,6016,RA45,2019-11-05 17:52:20.017,25.565,12,False
2019-11-05 17:51:54.952,MOK,41,GA08,2019-11-05 17:52:20.057,25.105,6,False
2019-11-05 17:51:56.350,HOM,05,RA11,2019-11-05 17:52:22.429,26.079,3,False
2019-11-05 17:51:56.948,SKM,12,RA41,2019-11-05 17:53:07.669,70.721,58,True
2019-11-05 17:51:57.147,KOT,01,GA07,2019-11-05 17:52:16.656,19.509,6,False
2019-11-05 17:51:58.143,KOB,03,GA04,2019-11-05 17:52:23.046,24.903,8,False
2019-11-05 17:51:58.143,DIH,05,GA05,2019-11-05 17:53:15.603,77.46,63,True
2019-11-05 17:51:58.742,TIK,7112C,QA20,2019-11-05 17:53:23.208,84.466,10,False
2019-11-05 17:51:58.941,DIH,06,QA42,2019-11-05 17:52:29.221,30.28,13,False
2019-11-05 17:51:59.339,LOF,06,RA15,2019-11-05 17:52:25.655,26.316,9,False
2019-11-05 17:51:59.738,HOM,03,RA11,2019-11-05 17:55:17.956,198.218,,False
2019-11-05 17:52:00.926,SKM,03,GA38,2019-11-05 17:52:21.054,20.128,11,False
2019-11-05 17:52:00.932,NTK,10,RA44,2019-11-05 17:52:21.054,20.122,13,False
2019-11-05 17:52:01.469,MOK,43,GA08,2019-11-05 17:52:25.655,24.186,11,False
2019-11-05 17:52:01.622,KWT,6004,QA17,2019-11-05 17:52:20.855,19.233,6,False
2019-11-05 17:52:01.730,HOM,08,QA40,2019-11-05 17:52:52.904,51.174,27,False
2019-11-05 17:52:02.117,YMT,32,RA12,2019-11-05 17:52:25.655,23.538,11,False
2019-11-05 17:52:03.124,HOM,13,GA09,2019-11-05 17:52:27.428,24.304,10,False
2019-11-05 17:52:03.721,KOT,03,GA07,2019-11-05 17:52:34.600,30.879,11,False
2019-11-05 17:52:06.510,KWT,6014,RA45,2019-11-05 17:52:31.811,25.301,10,False
2019-11-05 17:52:07.094,KOB,05,GA04,2019-11-05 17:52:51.134,44.04,14,False
2019-11-05 17:52:07.706,KWT,6002,QA17,2019-11-05 17:52:30.416,22.71,11,False
2019-11-05 17:52:08.503,LOF,08,RA15,2019-11-05 17:53:19.025,70.522,10,False
2019-11-05 17:52:09.100,TIK,7112B,QA20,2019-11-05 17:53:30.181,81.081,0,False
2019-11-05 17:52:09.698,YAT,7003A,GA35,2019-11-05 17:53:10.458,60.76,0,False
2019-11-05 17:52:09.897,YAT,7006C,RA19,2019-11-05 17:54:04.242,114.345,0,False
2019-11-05 17:52:10.007,TIK,7112A,QA20,2019-11-05 17:53:35.360,85.353,72,True
2019-11-05 17:52:10.096,TIK,7101,GA01,2019-11-05 17:52:40.113,30.017,30,False
2019-11-05 17:52:10.296,YAT,7003B,GA35,2019-11-05 17:53:14.243,63.947,0,False
2019-11-05 17:52:10.483,YAT,7006B,RA19,2019-11-05 17:54:10.223,119.74,1,False
2019-11-05 17:52:10.656,YAT,7003C,GA35,2019-11-05 17:53:18.228,67.572,0,False
2019-11-05 17:52:11.491,YAT,7003D,GA35,2019-11-05 17:53:22.179,70.688,53,True
2019-11-05 17:52:11.889,YAT,7006A,RA19,2019-11-05 17:54:16.199,124.31,110,True
2019-11-05 17:52:12.088,SKM,05,GA38,2019-11-05 17:52:28.623,16.535,4,False
2019-11-05 17:52:12.288,DIH,08,QA42,2019-11-05 17:53:50.102,97.814,7,False
2019-11-05 17:52:12.487,MOK,45,GA08,2019-11-05 17:52:45.158,32.671,12,False
2019-11-05 17:52:13.084,KOB,12,QA16,2019-11-05 17:52:30.615,17.531,7,False
2019-11-05 17:52:13.453,HOM,15,GA09,2019-11-05 17:52:39.182,25.729,10,False
2019-11-05 17:52:13.881,YMT,34,RA12,2019-11-05 17:52:27.627,13.746,1,False
2019-11-05 17:52:14.081,KOT,11,GA06,2019-11-05 17:52:35.994,21.913,11,False
2019-11-05 17:52:14.430,NTK,12,RA44,2019-11-05 17:52:23.655,9.225,1,False
2019-11-05 17:52:14.877,KOT,05,GA07,2019-11-05 17:52:45.158,30.281,10,False
2019-11-05 17:52:15.077,YMT,36,RA12,2019-11-05 17:52:36.592,21.515,3,False
2019-11-05 17:52:15.475,NTK,14,RA44,2019-11-05 17:52:29.221,13.746,4,False
2019-11-05 17:52:17.069,SKM,07,GA38,2019-11-05 17:52:35.994,18.925,7,False
2019-11-05 17:52:17.070,KWT,6012,RA45,2019-11-05 17:52:46.154,29.084,12,False
2019-11-05 17:52:18.464,MOK,32B,QA13,2019-11-05 17:52:41.572,23.108,6,False
2019-11-05 17:52:18.656,YMT,38,RA12,2019-11-05 17:52:44.560,25.904,4,False
2019-11-05 17:52:19.061,LOF,10,RA15,2019-11-05 17:53:27.574,68.513,57,True
2019-11-05 17:52:19.261,NTK,02,QA17,2019-11-05 17:52:37.189,17.928,8,False
2019-11-05 17:52:19.660,KOB,02,RA44,2019-11-05 17:52:36.990,17.33,8,False
2019-11-05 17:52:20.256,DIH,10,QA42,2019-11-05 17:53:59.465,99.209,87,True
2019-11-05 17:52:20.776,KOB,14,QA16,2019-11-05 17:52:39.182,18.406,7,False
2019-11-05 17:52:21.222,KOB,07,GA04,2019-11-05 17:53:13.646,52.424,31,False
2019-11-05 17:52:22.656,YMT,40,RA12,2019-11-05 17:53:45.122,82.466,65,True
2019-11-05 17:52:24.240,KOB,11,GA36,2019-11-05 17:52:49.541,25.301,14,False
2019-11-05 17:52:24.440,HOM,17,GA09,2019-11-05 17:53:00.077,35.637,22,False
2019-11-05 17:52:24.656,MOK,47,GA08,2019-11-05 17:53:42.134,77.478,60,True
2019-11-05 17:52:24.838,SKM,09,GA38,2019-11-05 17:52:40.576,15.738,3,False
2019-11-05 17:52:25.037,KOT,07,GA07,2019-11-05 17:53:00.078,35.041,17,False
2019-11-05 17:52:25.437,MOK,34A,QA13,2019-11-05 17:52:47.150,21.713,6,False
2019-11-05 17:52:26.033,KOT,13,GA06,2019-11-05 17:52:44.153,18.12,9,False
2019-11-05 17:52:27.826,NTK,04,QA17,2019-11-05 17:52:52.529,24.703,7,False
2019-11-05 17:52:27.826,KOB,04,RA44,2019-11-05 17:52:46.154,18.328,8,False
2019-11-05 17:52:28.026,SKM,11,GA38,2019-11-05 17:52:49.541,21.515,4,False
2019-11-05 17:52:28.624,KOB,16,QA16,2019-11-05 17:52:47.550,18.926,9,False
2019-11-05 17:52:28.823,HOM,10,QA40,2019-11-05 17:54:17.992,109.169,9,False
2019-11-05 17:52:29.619,KWT,6010,RA45,2019-11-05 17:53:01.986,32.367,12,False
2019-11-05 17:52:32.408,MOK,34B,QA13,2019-11-05 17:52:52.529,20.121,9,False
2019-11-05 17:52:32.580,SKM,13,GA38,2019-11-05 17:53:44.524,71.944,55,True
2019-11-05 17:52:35.397,KOT,15,GA06,2019-11-05 17:52:52.113,16.716,7,False
2019-11-05 17:52:35.597,NTK,06,QA17,2019-11-05 17:53:54.059,78.462,62,True
2019-11-05 17:52:35.994,KOB,06,RA44,2019-11-05 17:53:01.486,25.492,8,False
2019-11-05 17:52:38.370,CHH,02,QA16,2019-11-05 17:52:59.103,20.733,12,False
2019-11-05 17:52:38.584,KOB,13,GA36,2019-11-05 17:52:58.107,19.523,9,False
2019-11-05 17:52:38.784,HOM,12,QA40,2019-11-05 17:54:25.363,106.579,88,True
2019-11-05 17:52:38.982,LOF,11,GA37,2019-11-05 17:52:59.103,20.121,10,False
2019-11-05 17:52:40.112,LAT,6108,QA18,2019-11-05 17:52:44.361,4.249,0,False
2019-11-05 17:52:40.577,LAT,6106,QA18,2019-11-05 17:53:32.174,51.597,0,False
2019-11-05 17:52:40.975,TIK,7103,GA01,2019-11-05 17:53:01.282,20.307,10,False
2019-11-05 17:52:41.174,LAT,6104,QA18,2019-11-05 17:53:39.345,58.171,42,True
2019-11-05 17:52:41.373,TIK,7111,GA46,2019-11-05 17:53:00.099,18.726,11,False
2019-11-05 17:52:41.771,MOK,36,QA13,2019-11-05 17:53:11.654,29.883,11,False
2019-11-05 17:52:42.147,CHH,23A,RA43,,,14,False
2019-11-05 17:52:42.369,KWT,6008,RA45,2019-11-05 17:54:05.840,83.471,66,True
2019-11-05 17:52:42.768,KOT,09,GA07,2019-11-05 17:54:08.031,85.263,69,True
2019-11-05 17:52:42.967,LOF,01,GA06,2019-11-05 17:53:00.078,17.111,5,False
2019-11-05 17:52:44.362,KOB,08,RA44,2019-11-05 17:54:13.211,88.849,12,False
2019-11-05 17:52:46.951,WHA,04,GA10,2019-11-05 17:53:14.443,27.492,12,False
2019-11-05 17:52:47.349,HOM,19,GA09,2019-11-05 17:53:22.178,34.829,23,False
2019-11-05 17:52:48.545,KOB,15,GA36,2019-11-05 17:53:05.478,16.933,8,False
2019-11-05 17:52:48.545,LOF,03,GA06,2019-11-05 17:53:07.669,19.124,6,False
2019-11-05 17:52:49.939,LOF,13,GA37,2019-11-05 17:53:07.072,17.133,7,False
2019-11-05 17:52:50.537,CHH,04,QA16,2019-11-05 17:53:13.057,22.52,10,False
2019-11-05 17:52:51.470,KWT,6009,GA03,2019-11-05 17:53:14.627,23.157,8,False
2019-11-05 17:52:51.471,TIK,7105,GA01,2019-11-05 17:53:10.458,18.987,2,False
2019-11-05 17:52:52.331,LAT,6107,GA02,2019-11-05 17:53:08.267,15.936,6,False
2019-11-05 17:52:52.530,TIK,7113,GA46,2019-11-05 17:53:12.252,19.722,6,False
2019-11-05 17:52:52.728,YMT,37,GA39,2019-11-05 17:53:12.650,19.922,5,False
2019-11-05 17:52:53.127,KOB,09,GA04,2019-11-05 17:54:34.527,101.4,85,True
2019-11-05 17:52:53.127,MOK,38,QA13,2019-11-05 17:54:04.047,70.92,10,False
2019-11-05 17:52:53.923,TIK,7107,GA01,2019-11-05 17:53:22.178,28.255,10,False
2019-11-05 17:52:55.119,LOF,05,GA06,2019-11-05 17:53:21.018,25.899,9,False
2019-11-05 17:52:55.916,SKM,14,RA41,2019-11-05 17:53:13.646,17.73,6,False
2019-11-05 17:52:57.066,CHH,16,RA43,2019-11-05 17:53:09.620,12.554,2,False
2019-11-05 17:52:57.310,KOB,10,RA44,2019-11-05 17:54:23.135,85.825,73,True
2019-11-05 17:52:57.311,NTK,01,GA36,2019-11-05 17:53:11.654,14.343,5,False
2019-11-05 17:52:57.908,WTS,01,GA37,2019-11-05 17:53:16.583,18.675,9,False
2019-11-05 17:52:58.505,YMT,39,GA39,2019-11-05 17:53:19.622,21.117,7,False
2019-11-05 17:52:58.706,LAT,6109,GA02,2019-11-05 17:53:33.368,34.662,25,False
2019-11-05 17:52:58.904,TIK,7115,GA46,2019-11-05 17:53:16.236,17.332,2,False
2019-11-05 17:52:59.302,WHA,02,GA10,2019-11-05 17:53:23.806,24.504,8,False
2019-11-05 17:52:59.502,CHH,18,RA43,2019-11-05 17:53:13.057,13.555,2,False
2019-11-05 17:53:00.077,KWT,6011,GA03,2019-11-05 17:53:19.224,19.147,6,False
2019-11-05 17:53:01.282,CHH,06,QA16,2019-11-05 17:53:25.200,23.918,8,False
2019-11-05 17:53:01.878,TIK,7149,GA46,2019-11-05 17:53:22.178,20.3,,False
2019-11-05 17:53:01.879,DIH,07,GA05,2019-11-05 17:53:24.006,22.127,8,False
2019-11-05 17:53:02.291,SKM,16,RA41,2019-11-05 17:53:17.631,15.34,4,False
2019-11-05 17:53:02.453,CHH,20,RA43,2019-11-05 17:53:20.021,17.568,4,False
2019-11-05 17:53:02.453,NTK,03,GA36,2019-11-05 17:53:13.646,11.193,2,False
2019-11-05 17:53:04.037,MOK,40,QA13,2019-11-05 17:54:11.184,67.147,50,True
2019-11-05 17:53:04.075,TIK,7109A,GA01,2019-11-05 17:54:24.142,80.067,8,False
2019-11-05 17:53:04.076,TIK,7120,RA46,2019-11-05 17:53:30.122,26.046,8,False
2019-11-05 17:53:04.283,LOF,07,GA06,2019-11-05 17:54:19.586,75.303,11,False
2019-11-05 17:53:04.681,YAT,7005,GA35,2019-11-05 17:53:25.998,21.317,10,False
2019-11-05 17:53:04.681,NTK,05,GA36,2019-11-05 17:53:21.615,16.934,6,False
2019-11-05 17:53:05.876,YMT,41,GA39,2019-11-05 17:53:29.583,23.707,10,False
2019-11-05 17:53:06.183,KWT,6013,GA03,2019-11-05 17:53:28.587,22.404,9,False
2019-11-05 17:53:07.072,SKM,18,RA41,2019-11-05 17:53:27.192,20.12,8,False
2019-11-05 17:53:07.271,DIH,02,RA43,2019-11-05 17:53:43.727,36.456,8,False
2019-11-05 17:53:07.471,WTS,03,GA37,2019-11-05 17:53:32.971,25.5,5,False
2019-11-05 17:53:07.869,HOM,20,GA10,2019-11-05 17:53:40.341,32.472,16,False
2019-11-05 17:53:09.619,CHH,08,QA16,2019-11-05 17:53:36.548,26.929,6,False
2019-11-05 17:53:10.458,HOM,21,GA09,2019-11-05 17:53:46.516,36.058,21,False
2019-11-05 17:53:10.857,DIH,09,GA05,2019-11-05 17:53:31.975,21.118,11,False
2019-11-05 17:53:11.256,KOT,12,QA14,2019-11-05 17:53:34.564,23.308,13,False
2019-11-05 17:53:11.454,NTK,07,GA36,2019-11-05 17:53:34.165,22.711,8,False
2019-11-05 17:53:12.450,TIK,7122,RA46,2019-11-05 17:54:08.231,55.781,47,False
2019-11-05 17:53:13.029,TIK,7109B,GA01,2019-11-05 17:54:30.145,77.116,1,False
2019-11-05 17:53:13.447,WTS,05,GA37,2019-11-05 17:54:42.080,88.633,73,True
2019-11-05 17:53:14.642,TIK,7109C,GA01,2019-11-05 17:54:37.316,82.674,66,True
2019-11-05 17:53:15.439,YAT,7007,GA35,2019-11-05 17:53:50.301,34.862,26,False
2019-11-05 17:53:15.603,SKM,20,RA41,2019-11-05 17:53:40.739,25.136,10,False
2019-11-05 17:53:15.776,LOF,09,GA06,2019-11-05 17:54:29.148,73.372,62,True
2019-11-05 17:53:15.837,CHH,10,QA16,2019-11-05 17:54:37.117,81.28,65,True
2019-11-05 17:53:16.040,KWT,6015,GA03,2019-11-05 17:53:40.341,24.301,12,False
2019-11-05 17:53:16.041,MOK,31,GA39,2019-11-05 17:53:38.149,22.108,9,False
2019-11-05 17:53:16.237,DIH,04,RA43,2019-11-05 17:54:06.040,49.803,12,False
2019-11-05 17:53:16.435,LOF,12,RA15,2019-11-05 17:53:36.157,19.722,11,False
2019-11-05 17:53:20.220,NTK,09,GA36,2019-11-05 17:54:31.539,71.319,9,False
2019-11-05 17:53:22.014,CHH,01,GA05,2019-11-05 17:53:38.548,16.534,6,False
2019-11-05 17:53:22.398,TIK,7110,QA20,2019-11-05 17:53:41.337,18.939,8,False
2019-11-05 17:53:23.408,LAT,6102,QA18,2019-11-05 17:53:43.329,19.921,6,False
2019-11-05 17:53:23.806,YAT,7001,GA02,2019-11-05 17:54:04.242,40.436,35,False
2019-11-05 17:53:24.403,HOM,18,GA10,2019-11-05 17:53:45.321,20.918,4,False
2019-11-05 17:53:24.604,KOT,14,QA14,2019-11-05 17:53:43.090,18.486,7,False
2019-11-05 17:53:24.657,SKM,01,GA08,2019-11-05 17:53:50.102,25.445,12,False
2019-11-05 17:53:25.200,MOK,33,GA39,2019-11-05 17:53:53.688,28.488,8,False
2019-11-05 17:53:25.798,SKM,22A,RA41,2019-11-05 17:53:46.118,20.32,2,False
2019-11-05 17:53:27.989,YMT,42,RA12,2019-11-05 17:53:49.504,21.515,8,False
2019-11-05 17:53:27.990,SKM,15,GA38,2019-11-05 17:53:52.095,24.105,14,False
2019-11-05 17:53:28.117,LOF,14,RA15,2019-11-05 17:53:43.727,15.61,7,False
2019-11-05 17:53:28.118,CHH,03,GA05,2019-11-05 17:53:43.727,15.609,4,False
2019-11-05 17:53:28.505,DIH,06,RA43,2019-11-05 17:54:28.551,60.046,36,False
2019-11-05 17:53:28.505,SKM,22B,RA41,2019-11-05 17:54:41.301,72.796,4,False
2019-11-05 17:53:28.505,LAT,6101,GA03,2019-11-05 17:53:43.329,14.824,2,False
2019-11-05 17:53:28.986,HOM,22,GA10,2019-11-05 17:53:50.302,21.316,4,False
2019-11-05 17:53:30.182,NTK,11,GA36,2019-11-05 17:54:41.699,71.517,58,True
2019-11-05 17:53:30.380,KWT,6016,QA18,2019-11-05 17:54:03.462,33.082,12,False
2019-11-05 17:53:30.977,LAT,6103,GA03,2019-11-05 17:54:00.263,29.286,15,False
2019-11-05 17:53:31.178,TIK,7108,QA20,2019-11-05 17:53:48.111,16.933,10,False
2019-11-05 17:53:32.372,YMT,31,GA09,2019-11-05 17:53:58.071,25.699,12,False
2019-11-05 17:53:32.505,SKM,22C,RA41,2019-11-05 17:54:47.078,74.573,5,False
2019-11-05 17:53:32.571,KOT,16,QA14,2019-11-05 17:53:51.497,18.926,7,False
2019-11-05 17:53:32.771,CHH,05,GA05,2019-11-05 17:53:49.106,16.335,5,False
2019-11-05 17:53:33.170,HOM,07,GA10,2019-11-05 17:53:58.870,25.7,5,False
2019-11-05 17:53:34.166,MOK,35,GA39,2019-11-05 17:54:52.638,78.472,10,False
2019-11-05 17:53:35.162,KOT,02,RA15,2019-11-05 17:53:51.098,15.936,7,False
2019-11-05 17:53:36.954,YMT,44,RA12,2019-11-05 17:54:00.655,23.701,13,False
2019-11-05 17:53:37.153,SKM,03,GA08,2019-11-05 17:53:59.068,21.915,8,False
2019-11-05 17:53:37.553,MOK,32A,RA41,2019-11-05 17:54:53.055,75.502,57,True
2019-11-05 17:53:38.149,CHH,07,GA05,2019-11-05 17:53:52.095,13.946,2,False
2019-11-05 17:53:38.150,NTK,08,QA17,2019-11-05 17:54:03.650,25.5,14,False
2019-11-05 17:53:38.747,HOM,09,GA10,2019-11-05 17:54:46.083,67.336,8,False
2019-11-05 17:53:40.540,SKM,02,QA14,2019-11-05 17:53:59.465,18.925,7,False
2019-11-05 17:53:40.740,CHH,09B,GA05,2019-11-05 17:54:08.605,27.865,8,False
2019-11-05 17:53:41.337,TIK,7106,QA20,2019-11-05 17:54:07.235,25.898,19,False
2019-11-05 17:53:41.933,YAT,7009,GA35,2019-11-05 17:54:04.242,22.309,18,False
2019-11-05 17:53:42.333,SKM,17,GA38,2019-11-05 17:54:01.059,18.726,9,False
2019-11-05 17:53:42.927,KWT,6014,QA18,2019-11-05 17:54:17.395,34.468,18,False
2019-11-05 17:53:42.927,KOT,04,RA15,2019-11-05 17:53:58.655,15.728,5,False
2019-11-05 17:53:44.723,MOK,37,GA39,2019-11-05 17:54:57.238,72.515,56,True
2019-11-05 17:53:44.723,YMT,33,GA09,2019-11-05 17:54:08.032,23.309,4,False
2019-11-05 17:53:46.076,SKM,05,GA08,2019-11-05 17:54:07.633,21.557,8,False
2019-11-05 17:53:46.118,LAT,6105,GA03,2019-11-05 17:54:58.198,72.08,59,True
2019-11-05 17:53:47.114,HOM,11,GA10,2019-11-05 17:54:55.457,68.343,49,True
2019-11-05 17:53:47.463,DIH,12,QA42,2019-11-05 17:54:11.184,23.721,10,False
2019-11-05 17:53:47.911,SKM,04,QA14,2019-11-05 17:54:08.032,20.121,8,False
2019-11-05 17:53:48.378,KWT,6006,RA45,2019-11-05 17:54:10.224,21.846,7,False
2019-11-05 17:53:48.708,KOT,06,RA15,2019-11-05 17:54:12.613,23.905,6,False
2019-11-05 17:53:49.107,CHH,11,GA05,2019-11-05 17:55:07.198,78.091,62,True
2019-11-05 17:53:49.704,YMT,35,GA09,2019-11-05 17:55:06.182,76.478,59,True
2019-11-05 17:53:50.102,HOM,02,RA12,2019-11-05 17:54:22.974,32.872,21,False
2019-11-05 17:53:51.895,SKM,19,GA38,2019-11-05 17:54:07.633,15.738,6,False
2019-11-05 17:53:52.293,KOT,11,GA07,2019-11-05 17:54:16.557,24.264,15,False
2019-11-05 17:53:52.493,NTK,10,QA17,2019-11-05 17:54:12.215,19.722,10,False
2019-11-05 17:53:54.871,MOK,42,QA13,2019-11-05 17:54:17.992,23.121,8,False
2019-11-05 17:53:54.872,SKM,07,GA08,2019-11-05 17:54:16.996,22.124,8,False
2019-11-05 17:53:55.071,KOT,08,RA15,2019-11-05 17:55:57.202,122.131,10,False
2019-11-05 17:53:55.879,KWT,6004,RA45,2019-11-05 17:54:14.157,18.278,6,False
2019-11-05 17:53:56.079,SKM,06,QA14,2019-11-05 17:54:16.000,19.921,7,False
2019-11-05 17:53:58.018,SKM,21,GA38,2019-11-05 17:54:13.610,15.592,6,False
2019-11-05 17:53:58.071,WTS,02,QA42,2019-11-05 17:54:20.578,22.507,9,False
2019-11-05 17:53:59.466,YAT,7003A,GA02,2019-11-05 17:54:52.258,52.792,0,False
2019-11-05 17:53:59.864,TIK,7120,RA46,2019-11-05 17:54:15.402,15.538,0,False
2019-11-05 17:53:59.864,YAT,7003B,GA02,2019-11-05 17:54:58.198,58.334,0,False
2019-11-05 17:54:00.063,YAT,7003C,GA02,2019-11-05 17:55:00.159,60.096,0,False
2019-11-05 17:54:00.655,TIK,7101,GA35,2019-11-05 17:54:37.316,36.661,32,False
2019-11-05 17:54:00.656,TIK,7118,RA46,2019-11-05 17:54:17.195,16.539,2,False
2019-11-05 17:54:01.059,TIK,7104,QA20,2019-11-05 17:54:18.192,17.133,8,False
2019-11-05 17:54:01.060,YAT,7003D,GA02,2019-11-05 17:55:06.183,65.123,49,True
2019-11-05 17:54:01.258,KWT,6012,QA18,2019-11-05 17:54:32.138,30.88,13,False
2019-11-05 17:54:02.254,KWT,6002,RA45,2019-11-05 17:54:23.770,21.516,10,False
2019-11-05 17:54:02.454,YAT,7004,RA19,2019-11-05 17:54:20.185,17.731,6,False
2019-11-05 17:54:02.653,NTK,12,QA17,2019-11-05 17:54:15.004,12.351,2,False
2019-11-05 17:54:02.852,TIK,7116,RA46,2019-11-05 17:54:27.555,24.703,17,False
2019-11-05 17:54:03.462,SKM,09,GA08,2019-11-05 17:54:22.127,18.665,3,False
2019-11-05 17:54:03.650,SKM,08,QA14,2019-11-05 17:54:30.144,26.494,8,False
2019-11-05 17:54:03.650,MOK,44,QA13,2019-11-05 17:54:23.570,19.92,4,False
2019-11-05 17:54:04.845,KOT,01,GA38,2019-11-05 17:54:21.168,16.323,6,False
2019-11-05 17:54:05.043,DIH,08,RA43,2019-11-05 17:55:20.547,75.504,14,False
2019-11-05 17:54:05.641,KOT,10,RA15,2019-11-05 17:56:07.113,121.472,108,True
2019-11-05 17:54:05.642,NTK,14,QA17,2019-11-05 17:54:21.579,15.937,5,False
2019-11-05 17:54:07.235,SKM,11,GA08,2019-11-05 17:54:30.543,23.308,5,False
2019-11-05 17:54:07.400,KOT,13,GA07,2019-11-05 17:54:24.566,17.166,8,False
2019-11-05 17:54:07.400,HOM,14,QA40,2019-11-05 17:54:30.543,23.143,8,False
2019-11-05 17:54:07.633,WTS,04,QA42,2019-11-05 17:54:29.547,21.914,8,False
2019-11-05 17:54:08.605,MOK,46,QA13,2019-11-05 17:54:33.532,24.927,10,False
2019-11-05 17:54:09.426,YAT,7002,RA19,2019-11-05 17:54:27.556,18.13,11,False
2019-11-05 17:54:09.626,TIK,7102,QA20,2019-11-05 17:54:29.348,19.722,11,False
2019-11-05 17:54:11.185,KOT,03,GA38,2019-11-05 17:54:28.152,16.967,6,False
2019-11-05 17:54:11.185,KOB,12,RA44,2019-11-05 17:54:32.535,21.35,11,False
2019-11-05 17:54:11.219,HOM,04,RA12,2019-11-05 17:54:37.715,26.496,15,False
2019-11-05 17:54:11.617,KOB,02,QA17,2019-11-05 17:54:33.133,21.516,10,False
2019-11-05 17:54:12.016,SKM,10,QA14,2019-11-05 17:55:16.508,64.492,10,False
2019-11-05 17:54:12.614,SKM,13,GA08,2019-11-05 17:55:30.507,77.893,61,True
2019-11-05 17:54:12.814,NTK,02,RA45,2019-11-05 17:54:30.543,17.729,9,False
2019-11-05 17:54:14.805,KWT,6010,QA18,2019-11-05 17:54:48.635,33.83,12,False
2019-11-05 17:54:15.403,HOM,16,QA40,2019-11-05 17:54:32.734,17.331,5,False
2019-11-05 17:54:15.602,KOT,15,GA07,2019-11-05 17:54:32.138,16.536,6,False
2019-11-05 17:54:16.556,WTS,06,QA42,2019-11-05 17:54:44.090,27.534,8,False
2019-11-05 17:54:17.594,KOT,05,GA38,2019-11-05 17:54:35.524,17.93,6,False
2019-11-05 17:54:18.192,LOF,11,GA06,2019-11-05 17:54:41.300,23.108,11,False
2019-11-05 17:54:18.582,KOB,11,GA04,2019-11-05 17:54:44.488,25.906,15,False
2019-11-05 17:54:19.188,YMT,32,QA13,2019-11-05 17:54:42.080,22.892,7,False
2019-11-05 17:54:19.387,DIH,10,RA43,2019-11-05 17:55:29.512,70.125,57,True
2019-11-05 17:54:19.984,TIK,7114,RA46,2019-11-05 17:54:39.308,19.324,6,False
2019-11-05 17:54:20.577,LAT,6112,RA19,2019-11-05 17:55:00.159,39.582,24,False
2019-11-05 17:54:20.782,TIK,7111,GA01,2019-11-05 17:54:42.097,21.315,12,False
2019-11-05 17:54:20.981,YAT,7012,QA20,2019-11-05 17:54:52.257,31.276,24,False
2019-11-05 17:54:21.169,HOM,18,QA40,2019-11-05 17:54:37.117,15.948,2,False
2019-11-05 17:54:21.379,CHH,12,QA16,2019-11-05 17:54:43.082,21.703,8,False
2019-11-05 17:54:21.778,KOB,04,QA17,2019-11-05 17:54:42.640,20.862,8,False
2019-11-05 17:54:21.977,NTK,04,RA45,2019-11-05 17:54:46.082,24.105,6,False
2019-11-05 17:54:22.128,LOF,01,GA07,2019-11-05 17:54:39.110,16.982,6,False
2019-11-05 17:54:22.375,KOB,14,RA44,2019-11-05 17:54:42.640,20.265,7,False
2019-11-05 17:54:22.973,SKM,12,QA14,2019-11-05 17:55:25.725,62.752,51,True
2019-11-05 17:54:23.570,HOM,20,QA40,2019-11-05 17:54:48.598,25.028,,False
2019-11-05 17:54:24.367,KOT,07,GA38,2019-11-05 17:54:50.063,25.696,7,False
2019-11-05 17:54:24.566,WTS,08,QA42,2019-11-05 17:55:41.663,77.097,12,False
2019-11-05 17:54:25.562,HOM,20,GA40,2019-11-05 17:54:48.598,23.036,10,False
2019-11-05 17:54:26.558,HOM,06,RA12,2019-11-05 17:55:00.226,33.668,19,False
2019-11-05 17:54:26.645,TIK,7112C,RA46,2019-11-05 17:55:40.268,73.623,6,False
2019-11-05 17:54:26.758,YMT,34,QA13,2019-11-05 17:54:43.492,16.734,2,False
2019-11-05 17:54:26.957,WTS,07,GA37,2019-11-05 17:54:50.643,23.686,14,False
2019-11-05 17:54:27.355,KWT,6008,QA18,2019-11-05 17:55:43.860,76.505,58,True
2019-11-05 17:54:28.528,LOF,03,GA07,2019-11-05 17:54:47.476,18.948,6,False
2019-11-05 17:54:28.529,NTK,06,RA45,2019-11-05 17:55:46.046,77.517,61,True
2019-11-05 17:54:28.735,NTK,13,GA36,2019-11-05 17:54:50.063,21.328,11,False
2019-11-05 17:54:29.348,LOF,13,GA06,2019-11-05 17:54:54.639,25.291,10,False
2019-11-05 17:54:29.548,CHH,14,QA16,2019-11-05 17:54:49.029,19.481,6,False
2019-11-05 17:54:29.747,YMT,36,QA13,2019-11-05 17:54:52.058,22.311,4,False
2019-11-05 17:54:30.345,KOB,16,RA44,2019-11-05 17:54:52.058,21.713,11,False
2019-11-05 17:54:30.728,KOB,06,QA17,2019-11-05 17:54:58.198,27.47,9,False
2019-11-05 17:54:31.937,KOT,09,GA38,2019-11-05 17:56:03.521,91.584,75,True
2019-11-05 17:54:32.933,TIK,7103,GA35,2019-11-05 17:54:50.265,17.332,11,False
2019-11-05 17:54:33.134,TIK,7112B,RA46,2019-11-05 17:55:44.253,71.119,0,False
2019-11-05 17:54:33.332,TIK,7113,GA01,2019-11-05 17:54:55.246,21.914,12,False
2019-11-05 17:54:33.531,TIK,7112A,RA46,2019-11-05 17:55:52.221,78.69,63,True
2019-11-05 17:54:33.730,KOB,13,GA04,2019-11-05 17:54:55.047,21.317,10,False
2019-11-05 17:54:34.331,YMT,38,QA13,2019-11-05 17:54:59.571,25.24,4,False
2019-11-05 17:54:34.926,MOK,32B,RA41,2019-11-05 17:54:57.636,22.71,6,False
2019-11-05 17:54:35.125,LOF,05,GA07,2019-11-05 17:55:03.015,27.89,8,False
2019-11-05 17:54:36.121,CHH,16,QA16,2019-11-05 17:54:53.055,16.934,3,False
2019-11-05 17:54:36.122,WHA,02,GA40,2019-11-05 17:54:56.640,20.518,8,False
2019-11-05 17:54:36.519,HOM,13,GA10,2019-11-05 17:54:59.629,23.11,6,False
2019-11-05 17:54:36.919,WTS,10,QA42,2019-11-05 17:55:51.027,74.108,62,True
2019-11-05 17:54:39.110,YMT,40,QA13,2019-11-05 17:56:21.107,101.997,85,True
2019-11-05 17:54:40.105,WTS,01,GA06,2019-11-05 17:55:05.606,25.501,14,False
2019-11-05 17:54:40.106,CHH,18,QA16,2019-11-05 17:54:57.038,16.932,3,False
2019-11-05 17:54:40.305,NTK,15,GA36,2019-11-05 17:54:59.571,19.266,8,False
2019-11-05 17:54:40.703,KOB,08,QA17,2019-11-05 17:57:28.663,167.96,12,False
2019-11-05 17:54:41.501,MOK,39,GA39,2019-11-05 17:55:03.015,21.514,7,False
2019-11-05 17:54:41.700,WTS,09,GA37,2019-11-05 17:54:59.018,17.318,8,False
2019-11-05 17:54:41.898,MOK,34A,RA41,2019-11-05 17:55:03.015,21.117,7,False
2019-11-05 17:54:42.080,CHH,02,RA44,2019-11-05 17:55:04.011,21.931,12,False
2019-11-05 17:54:42.894,HOM,15,GA10,2019-11-05 17:55:11.382,28.488,14,False
2019-11-05 17:54:43.465,LOF,07,GA07,2019-11-05 17:55:59.991,76.526,13,False
2019-11-05 17:54:44.089,CHH,20,QA16,2019-11-05 17:55:04.011,19.922,6,False
2019-11-05 17:54:44.289,KOB,15,GA04,2019-11-05 17:55:04.012,19.723,8,False
2019-11-05 17:54:44.290,WHA,04,GA40,2019-11-05 17:55:09.390,25.1,6,False
2019-11-05 17:54:44.887,TIK,7105,GA35,2019-11-05 17:55:00.159,15.272,1,False
2019-11-05 17:54:45.285,LAT,6110,RA19,2019-11-05 17:55:22.339,37.054,23,False
2019-11-05 17:54:45.683,LAT,6107,GA03,2019-11-05 17:55:06.183,20.5,9,False
2019-11-05 17:54:45.683,YAT,7010,QA20,2019-11-05 17:55:06.202,20.519,12,False
2019-11-05 17:54:45.882,TIK,7149,GA01,2019-11-05 17:55:05.206,19.324,,False
2019-11-05 17:54:45.882,TIK,7115,GA01,2019-11-05 17:55:00.159,14.277,0,False
2019-11-05 17:54:46.082,TIK,7107,GA35,2019-11-05 17:55:08.195,22.113,5,False
2019-11-05 17:54:46.082,HOM,08,RA12,2019-11-05 17:55:35.487,49.405,26,False
2019-11-05 17:54:48.598,KWT,6001,GA36,2019-11-05 17:55:10.784,22.186,8,False
2019-11-05 17:54:48.819,YMT,37,GA09,2019-11-05 17:55:09.589,20.77,7,False
2019-11-05 17:54:49.029,MOK,41,GA39,2019-11-05 17:55:07.597,18.568,5,False
2019-11-05 17:54:49.070,MOK,34B,RA41,2019-11-05 17:55:08.593,19.523,7,False
2019-11-05 17:54:49.867,TIK,7120,QA01,2019-11-05 17:55:12.179,22.312,0,False
2019-11-05 17:54:50.063,YAT,7005,GA02,2019-11-05 17:55:08.195,18.132,8,False
2019-11-05 17:54:50.266,TIK,7122,QA01,2019-11-05 17:55:52.221,61.955,44,False
2019-11-05 17:54:50.465,WTS,11,GA37,2019-11-05 17:55:07.198,16.733,6,False
2019-11-05 17:54:50.864,DIH,02,QA16,2019-11-05 17:55:19.151,28.287,8,False
2019-11-05 17:54:50.864,WHA,06,GA40,2019-11-05 17:57:52.345,181.481,162,True
2019-11-05 17:54:51.661,TIK,7109A,GA35,2019-11-05 17:56:07.562,75.901,6,False
2019-11-05 17:54:52.024,CHH,13A,GA05,2019-11-05 17:55:17.093,25.069,12,False
2019-11-05 17:54:52.856,KOB,10,QA17,2019-11-05 17:57:39.101,166.245,155,True
2019-11-05 17:54:53.253,NTK,01,GA04,2019-11-05 17:55:11.581,18.328,6,False
2019-11-05 17:54:54.640,MOK,43,GA39,2019-11-05 17:55:12.121,17.481,4,False
2019-11-05 17:54:54.848,WTS,03,GA06,2019-11-05 17:55:21.542,26.694,7,False
2019-11-05 17:54:54.848,LAT,6109,GA03,2019-11-05 17:55:26.323,31.475,30,False
2019-11-05 17:54:55.046,CHH,04,RA44,2019-11-05 17:55:16.508,21.462,11,False
2019-11-05 17:54:56.042,YMT,39,GA09,2019-11-05 17:55:17.093,21.051,6,False
2019-11-05 17:54:56.242,MOK,36,RA41,2019-11-05 17:55:26.124,29.882,12,False
2019-11-05 17:54:56.640,LOF,09,GA07,2019-11-05 17:56:09.154,72.514,61,True
2019-11-05 17:54:57.006,DIH,01,GA37,2019-11-05 17:55:19.550,22.544,6,False
2019-11-05 17:54:57.238,KWT,6003,GA36,2019-11-05 17:55:16.163,18.925,4,False
2019-11-05 17:54:57.458,HOM,17,GA10,2019-11-05 17:55:31.304,33.846,22,False
2019-11-05 17:54:58.035,YAT,7008,QA20,2019-11-05 17:55:22.140,24.105,7,False
2019-11-05 17:54:58.035,TIK,7109B,GA35,2019-11-05 17:56:13.338,75.303,7,False
2019-11-05 17:54:58.234,YAT,7007,GA02,2019-11-05 17:55:32.300,34.066,27,False
2019-11-05 17:54:59.429,DIH,04,QA16,2019-11-05 17:55:36.682,37.253,10,False
2019-11-05 17:54:59.429,MOK,45,GA39,2019-11-05 17:55:31.504,32.075,11,False
2019-11-05 17:54:59.430,NTK,03,GA04,2019-11-05 17:55:14.569,15.139,2,False
2019-11-05 17:55:00.824,HOM,05,GA11,2019-11-05 17:55:26.323,25.499,9,False
2019-11-05 17:55:01.422,KWT,6005,GA36,2019-11-05 17:55:25.980,24.558,5,False
2019-11-05 17:55:02.417,NTK,05,GA04,2019-11-05 17:55:24.531,22.114,9,False
2019-11-05 17:55:02.417,WTS,05,GA06,2019-11-05 17:56:22.670,80.253,65,True
2019-11-05 17:55:02.816,YMT,41,GA09,2019-11-05 17:55:26.523,23.707,9,False
2019-11-05 17:55:03.812,DIH,03,GA37,2019-11-05 17:56:26.487,82.675,9,False
2019-11-05 17:55:05.007,CHH,15,GA05,2019-11-05 17:55:25.128,20.121,8,False
2019-11-05 17:55:05.804,TIK,7109C,GA35,2019-11-05 17:56:20.105,74.301,63,True
2019-11-05 17:55:06.002,YAT,7006C,QA20,2019-11-05 17:56:15.330,69.328,8,False
2019-11-05 17:55:06.601,CHH,06,RA44,2019-11-05 17:55:27.515,20.914,7,False
2019-11-05 17:55:06.800,KWT,6007,GA36,2019-11-05 17:56:29.008,82.208,63,True
2019-11-05 17:55:08.394,LAT,6108,RA19,2019-11-05 17:55:37.280,28.886,6,False
2019-11-05 17:55:08.792,MOK,38,RA41,2019-11-05 17:56:29.008,80.216,9,False
2019-11-05 17:55:09.987,HOM,07,GA11,2019-11-05 17:55:35.487,25.5,5,False
2019-11-05 17:55:10.386,DIH,06,QA16,2019-11-05 17:55:58.198,47.812,24,False
2019-11-05 17:55:10.676,MOK,47,GA39,2019-11-05 17:56:34.007,83.331,65,True
2019-11-05 17:55:11.781,NTK,07,GA04,2019-11-05 17:55:37.082,25.301,10,False
2019-11-05 17:55:12.378,HOM,10,RA12,2019-11-05 17:56:36.636,84.258,7,False
2019-11-05 17:55:12.777,MOK,31,GA09,2019-11-05 17:55:35.054,22.277,8,False
2019-11-05 17:55:13.374,DIH,05,GA37,2019-11-05 17:56:36.048,82.674,69,True
2019-11-05 17:55:13.374,CHH,17,GA05,2019-11-05 17:55:32.499,19.125,7,False
2019-11-05 17:55:14.171,SKM,15,GA08,2019-11-05 17:55:38.040,23.869,13,False
2019-11-05 17:55:14.172,SKM,14,QA14,2019-11-05 17:55:31.104,16.932,6,False
2019-11-05 17:55:14.370,CHH,08,RA44,2019-11-05 17:55:39.073,24.703,4,False
2019-11-05 17:55:14.667,YAT,7006B,QA20,2019-11-05 17:56:22.303,67.636,1,False
2019-11-05 17:55:14.968,LAT,6106,RA19,2019-11-05 17:56:36.260,81.292,10,False
2019-11-05 17:55:15.366,HOM,09,GA11,2019-11-05 17:56:49.794,94.428,6,False
2019-11-05 17:55:15.964,YAT,7006A,QA20,2019-11-05 17:56:26.287,70.323,54,True
2019-11-05 17:55:16.960,DIH,12,RA43,2019-11-05 17:55:41.065,24.105,10,False
2019-11-05 17:55:18.527,MOK,40,RA41,2019-11-05 17:56:35.650,77.123,61,True
2019-11-05 17:55:18.952,CHH,10,RA44,2019-11-05 17:57:30.034,131.082,114,True
2019-11-05 17:55:19.503,HOM,19,GA10,2019-11-05 17:55:53.217,33.714,21,False
2019-11-05 17:55:19.948,HOM,12,RA12,2019-11-05 17:56:45.212,85.264,66,True
2019-11-05 17:55:20.547,SKM,16,QA14,2019-11-05 17:55:35.054,14.507,3,False
2019-11-05 17:55:20.944,CHH,19,GA05,2019-11-05 17:55:40.667,19.723,7,False
2019-11-05 17:55:21.741,MOK,33,GA09,2019-11-05 17:55:52.620,30.879,10,False
2019-11-05 17:55:22.141,HOM,11,GA11,2019-11-05 17:56:58.499,96.358,78,True
2019-11-05 17:55:22.339,NTK,09,GA04,2019-11-05 17:56:30.651,68.312,11,False
2019-11-05 17:55:24.331,SKM,18,QA14,2019-11-05 17:55:44.054,19.723,7,False
2019-11-05 17:55:25.725,YAT,7001,GA03,2019-11-05 17:55:53.217,27.492,11,False
2019-11-05 17:55:25.726,LAT,6104,RA19,2019-11-05 17:56:44.216,78.49,65,True
2019-11-05 17:55:25.925,YAT,7009,GA02,2019-11-05 17:55:48.237,22.312,14,False
2019-11-05 17:55:26.124,KWT,6006,QA18,2019-11-05 17:55:48.635,22.511,6,False
2019-11-05 17:55:27.718,SKM,17,GA08,2019-11-05 17:55:46.046,18.328,10,False
2019-11-05 17:55:27.719,WTS,02,RA43,2019-11-05 17:55:54.612,26.893,9,False
2019-11-05 17:55:28.661,CHH,21,GA05,2019-11-05 17:55:48.634,19.973,8,False
2019-11-05 17:55:30.307,NTK,08,RA45,2019-11-05 17:55:55.609,25.302,14,False
2019-11-05 17:55:32.300,MOK,35,GA09,2019-11-05 17:56:49.594,77.294,11,False
2019-11-05 17:55:32.301,SKM,20,QA14,2019-11-05 17:55:59.991,27.69,11,False
2019-11-05 17:55:33.067,KWT,6004,QA18,2019-11-05 17:55:54.015,20.948,6,False
2019-11-05 17:55:33.694,NTK,11,GA04,2019-11-05 17:56:40.232,66.538,54,True
2019-11-05 17:55:34.889,TIK,7120,QA01,2019-11-05 17:56:00.180,25.291,8,False
2019-11-05 17:55:35.288,DIH,08,QA16,2019-11-05 17:57:19.675,104.387,14,False
2019-11-05 17:55:36.882,KOB,01,GA05,2019-11-05 17:55:56.604,19.722,7,False
2019-11-05 17:55:37.081,TIK,7110,RA46,2019-11-05 17:56:00.180,23.099,9,False
2019-11-05 17:55:37.280,YAT,7003A,GA03,2019-11-05 17:56:44.217,66.937,5,False
2019-11-05 17:55:37.678,WTS,04,RA43,2019-11-05 17:56:04.174,26.496,11,False
2019-11-05 17:55:38.040,SKM,19,GA08,2019-11-05 17:55:53.006,14.966,5,False
2019-11-05 17:55:39.073,WTS,12,QA42,2019-11-05 17:55:59.992,20.919,10,False
2019-11-05 17:55:39.471,KWT,6002,QA18,2019-11-05 17:56:06.565,27.094,12,False
2019-11-05 17:55:40.667,TIK,7101,GA02,2019-11-05 17:56:20.105,39.438,29,False
2019-11-05 17:55:41.264,HOM,21,GA10,2019-11-05 17:56:16.326,35.062,21,False
2019-11-05 17:55:43.057,TIK,7118,QA01,2019-11-05 17:56:01.311,18.254,3,False
2019-11-05 17:55:43.256,YAT,7003B,GA03,2019-11-05 17:56:48.200,64.944,2,False
2019-11-05 17:55:43.456,MOK,37,GA09,2019-11-05 17:56:54.176,70.72,54,True
2019-11-05 17:55:43.621,SKM,22A,QA14,2019-11-05 17:56:07.113,23.492,2,False
2019-11-05 17:55:43.860,SKM,21,GA08,2019-11-05 17:55:59.592,15.732,5,False
2019-11-05 17:55:44.054,KOB,03,GA05,2019-11-05 17:56:04.174,20.12,8,False
2019-11-05 17:55:44.452,NTK,10,RA45,2019-11-05 17:56:04.174,19.722,9,False
2019-11-05 17:55:45.647,YAT,7003C,GA03,2019-11-05 17:56:52.185,66.538,9,False
2019-11-05 17:55:46.187,SKM,22B,QA14,2019-11-05 17:56:55.571,69.384,4,False
2019-11-05 17:55:46.859,TIK,7116,QA01,2019-11-05 17:56:11.346,24.487,8,False
2019-11-05 17:55:47.042,TIK,7108,RA46,2019-11-05 17:56:06.166,19.124,7,False
2019-11-05 17:55:47.860,KOT,11,GA38,2019-11-05 17:56:12.541,24.681,15,False
2019-11-05 17:55:49.233,WTS,06,RA43,2019-11-05 17:56:20.105,30.872,9,False
2019-11-05 17:55:49.631,WTS,14,QA42,2019-11-05 17:56:07.113,17.482,7,False
2019-11-05 17:55:49.631,KOT,01,GA08,2019-11-05 17:56:09.553,19.922,7,False
2019-11-05 17:55:49.632,DIH,10,QA16,2019-11-05 17:57:27.993,98.361,85,True
2019-11-05 17:55:51.027,SKM,22C,QA14,2019-11-05 17:57:01.148,70.121,6,False
2019-11-05 17:55:52.420,NTK,02,QA18,2019-11-05 17:56:15.131,22.711,11,False
2019-11-05 17:55:53.006,KOB,05,GA05,2019-11-05 17:56:13.537,20.531,10,False
2019-11-05 17:55:53.816,KOT,12,RA15,2019-11-05 17:56:18.518,24.702,13,False
2019-11-05 17:55:54.015,NTK,12,RA45,2019-11-05 17:56:07.113,13.098,3,False
2019-11-05 17:55:54.811,YAT,7003D,GA03,2019-11-05 17:56:57.364,62.553,45,True
2019-11-05 17:55:55.010,TIK,7106,RA46,2019-11-05 17:56:28.204,33.194,22,False
2019-11-05 17:55:55.608,TIK,7114,QA01,2019-11-05 17:56:24.295,28.687,14,False
2019-11-05 17:55:57.202,MOK,32A,QA14,2019-11-05 17:57:07.722,70.52,51,True
2019-11-05 17:55:57.401,KOT,03,GA08,2019-11-05 17:56:19.058,21.657,7,False
2019-11-05 17:55:57.401,LOF,02,QA42,2019-11-05 17:56:15.131,17.73,6,False
2019-11-05 17:55:57.799,NTK,14,RA45,2019-11-05 17:56:13.538,15.739,5,False
2019-11-05 17:55:58.323,LOF,11,GA07,2019-11-05 17:56:20.105,21.782,11,False
2019-11-05 17:55:58.795,WTS,08,RA43,2019-11-05 17:57:30.035,91.24,14,False
2019-11-05 17:56:02.580,YMT,31,GA10,2019-11-05 17:56:27.483,24.903,11,False
2019-11-05 17:56:02.980,KOT,13,GA38,2019-11-05 17:56:20.511,17.531,7,False
2019-11-05 17:56:03.179,KOB,02,RA45,2019-11-05 17:56:31.068,27.889,8,False
2019-11-05 17:56:03.521,LOF,04,QA42,2019-11-05 17:56:22.094,18.573,6,False
2019-11-05 17:56:03.522,KOB,07,GA05,2019-11-05 17:56:32.064,28.542,11,False
2019-11-05 17:56:03.576,NTK,04,QA18,2019-11-05 17:56:30.651,27.075,9,False
2019-11-05 17:56:04.573,YMT,42,QA13,2019-11-05 17:56:25.678,21.105,9,False
2019-11-05 17:56:04.773,KOT,05,GA08,2019-11-05 17:56:27.483,22.71,10,False
2019-11-05 17:56:07.562,KOT,14,RA15,2019-11-05 17:56:27.483,19.921,8,False
2019-11-05 17:56:07.760,WTS,07,GA06,2019-11-05 17:56:33.658,25.898,14,False
2019-11-05 17:56:09.355,LOF,13,GA07,2019-11-05 17:56:33.658,24.303,11,False
2019-11-05 17:56:09.721,TIK,7111,GA35,2019-11-05 17:56:28.204,18.483,7,False
2019-11-05 17:56:09.752,TIK,7112C,QA01,2019-11-05 17:58:38.306,148.554,0,False
2019-11-05 17:56:09.951,TIK,7103,GA02,2019-11-05 17:56:33.458,23.507,13,False
2019-11-05 17:56:10.151,TIK,7112B,QA01,2019-11-05 17:58:47.098,156.947,7,False
2019-11-05 17:56:10.152,YAT,7004,QA20,2019-11-05 17:56:30.271,20.119,7,False
2019-11-05 17:56:10.350,LOF,06,QA42,2019-11-05 17:56:37.642,27.292,10,False
2019-11-05 17:56:10.351,KWT,6009,GA36,2019-11-05 17:56:34.402,24.051,10,False
2019-11-05 17:56:10.948,KOT,15,GA38,2019-11-05 17:56:27.084,16.136,6,False
2019-11-05 17:56:11.943,KOB,04,RA45,2019-11-05 17:57:46.170,94.227,16,False
2019-11-05 17:56:13.139,WTS,10,RA43,2019-11-05 17:57:39.101,85.962,75,True
2019-11-05 17:56:13.140,NTK,06,QA18,2019-11-05 17:58:22.625,129.485,113,True
2019-11-05 17:56:13.736,YMT,44,QA13,2019-11-05 17:56:36.635,22.899,11,False
2019-11-05 17:56:14.334,YMT,33,GA10,2019-11-05 17:56:38.041,23.707,5,False
2019-11-05 17:56:14.733,KOB,09,GA05,2019-11-05 17:57:38.600,83.867,68,True
2019-11-05 17:56:14.932,KOT,07,GA08,2019-11-05 17:56:41.228,26.296,8,False
2019-11-05 17:56:16.475,SKM,01,GA39,2019-11-05 17:56:41.228,24.753,12,False
2019-11-05 17:56:16.476,KOT,16,RA15,2019-11-05 17:56:36.635,20.159,8,False
2019-11-05 17:56:17.123,TIK,7113,GA35,2019-11-05 17:56:38.151,21.028,8,False
2019-11-05 17:56:17.322,TIK,7112A,QA01,2019-11-05 17:58:50.315,152.993,139,True
2019-11-05 17:56:17.323,YAT,7002,QA20,2019-11-05 17:56:36.260,18.937,13,False
2019-11-05 17:56:17.721,TIK,7104,RA46,2019-11-05 17:56:38.151,20.43,14,False
2019-11-05 17:56:17.920,LOF,01,GA38,2019-11-05 17:56:33.060,15.14,6,False
2019-11-05 17:56:20.311,YMT,35,GA10,2019-11-05 17:57:42.186,81.875,64,True
2019-11-05 17:56:20.510,MOK,42,RA41,2019-11-05 17:56:41.626,21.116,8,False
2019-11-05 17:56:20.709,LOF,08,QA42,2019-11-05 17:57:37.604,76.895,11,False
2019-11-05 17:56:21.107,WTS,01,GA07,2019-11-05 17:56:44.614,23.507,12,False
2019-11-05 17:56:21.307,KWT,6011,GA36,2019-11-05 17:56:39.236,17.929,3,False
2019-11-05 17:56:21.904,WTS,09,GA06,2019-11-05 17:56:44.614,22.71,10,False
2019-11-05 17:56:22.900,DIH,07,GA37,2019-11-05 17:56:43.618,20.718,9,False
2019-11-05 17:56:23.498,KOT,09,GA08,2019-11-05 17:57:42.560,79.062,63,True
2019-11-05 17:56:23.896,TIK,7105,GA02,2019-11-05 17:56:43.185,19.289,7,False
2019-11-05 17:56:24.096,LOF,03,GA38,2019-11-05 17:56:40.232,16.136,5,False
2019-11-05 17:56:24.663,SKM,02,RA15,2019-11-05 17:56:45.611,20.948,8,False
2019-11-05 17:56:25.093,KWT,6013,GA36,2019-11-05 17:56:47.801,22.708,9,False
2019-11-05 17:56:25.490,HOM,02,QA13,2019-11-05 17:57:00.641,35.151,22,False
2019-11-05 17:56:25.888,TIK,7115,GA35,2019-11-05 17:56:43.185,17.297,5,False
2019-11-05 17:56:26.288,HOM,14,RA12,2019-11-05 17:56:50.790,24.502,8,False
2019-11-05 17:56:28.204,KOB,06,RA45,2019-11-05 17:58:03.502,95.298,75,False
2019-11-05 17:56:28.478,NTK,13,GA04,2019-11-05 17:56:48.998,20.52,10,False
2019-11-05 17:56:29.076,MOK,44,RA41,2019-11-05 17:56:46.606,17.53,4,False
2019-11-05 17:56:29.275,SKM,03,GA39,2019-11-05 17:56:49.196,19.921,7,False
2019-11-05 17:56:29.673,LOF,05,GA38,2019-11-05 17:56:54.176,24.503,6,False
2019-11-05 17:56:30.784,LAT,6112,QA20,2019-11-05 17:57:09.316,38.532,21,False
2019-11-05 17:56:31.267,LAT,6102,RA19,2019-11-05 17:56:48.200,16.933,2,False
2019-11-05 17:56:31.466,TIK,7149,GA35,2019-11-05 17:56:47.205,15.739,0,False
2019-11-05 17:56:31.865,TIK,7107,GA02,2019-11-05 17:56:51.188,19.323,8,False
2019-11-05 17:56:32.065,TIK,7102,RA46,2019-11-05 17:56:49.196,17.131,8,False
2019-11-05 17:56:32.263,TIK,7120,GA35,2019-11-05 17:56:56.169,23.906,,False
2019-11-05 17:56:32.462,LOF,10,QA42,2019-11-05 17:57:46.170,73.708,61,True
2019-11-05 17:56:32.658,DIH,09,GA37,2019-11-05 17:56:52.583,19.925,9,False
2019-11-05 17:56:32.861,WTS,11,GA06,2019-11-05 17:56:54.176,21.315,8,False
2019-11-05 17:56:33.060,SKM,04,RA15,2019-11-05 17:56:54.176,21.116,8,False
2019-11-05 17:56:33.260,MOK,46,RA41,2019-11-05 17:56:55.172,21.912,9,False
2019-11-05 17:56:33.459,WTS,03,GA07,2019-11-05 17:57:01.148,27.689,7,False
2019-11-05 17:56:34.006,KWT,6016,RA19,2019-11-05 17:56:59.357,25.351,12,False
2019-11-05 17:56:34.652,HOM,22,RA12,2019-11-05 17:56:58.499,23.847,4,False
2019-11-05 17:56:34.853,KWT,6015,GA36,2019-11-05 17:56:58.499,23.646,9,False
2019-11-05 17:56:36.260,LOF,07,GA38,2019-11-05 17:57:45.174,68.914,11,False
2019-11-05 17:56:37.260,SKM,05,GA39,2019-11-05 17:56:56.567,19.307,7,False
2019-11-05 17:56:38.439,MOK,39,GA09,2019-11-05 17:57:00.088,21.649,7,False
2019-11-05 17:56:38.638,NTK,15,GA04,2019-11-05 17:56:59.156,20.518,9,False
2019-11-05 17:56:39.634,HOM,05,RA12,2019-11-05 17:57:05.332,25.698,3,False
2019-11-05 17:56:40.032,TIK,7122,RA35,2019-11-05 17:57:36.187,56.155,37,False
2019-11-05 17:56:40.233,TIK,7109A,GA02,2019-11-05 17:57:55.104,74.871,2,False
2019-11-05 17:56:40.370,YAT,7012,RA46,2019-11-05 17:57:09.316,28.946,22,False
2019-11-05 17:56:40.370,YAT,7005,GA03,2019-11-05 17:56:59.356,18.986,11,False
2019-11-05 17:56:40.630,HOM,13,GA11,2019-11-05 17:57:02.941,22.311,5,False
2019-11-05 17:56:41.229,SKM,06,RA15,2019-11-05 17:57:03.141,21.912,9,False
2019-11-05 17:56:41.427,WTS,05,GA07,2019-11-05 17:57:56.130,74.703,59,True
2019-11-05 17:56:41.825,DIH,01,GA06,2019-11-05 17:57:06.121,24.296,9,False
2019-11-05 17:56:41.826,CHH,01,GA37,2019-11-05 17:56:59.156,17.33,6,False
2019-11-05 17:56:42.423,YMT,32,RA41,2019-11-05 17:57:03.141,20.718,6,False
2019-11-05 17:56:42.622,TIK,7109B,GA02,2019-11-05 17:58:01.110,78.488,8,False
2019-11-05 17:56:43.185,HOM,03,RA12,2019-11-05 18:00:05.019,201.834,,False
2019-11-05 17:56:44.615,SKM,07,GA39,2019-11-05 17:57:04.137,19.522,8,False
2019-11-05 17:56:44.776,LAT,6101,GA36,2019-11-05 17:57:01.348,16.572,7,False
2019-11-05 17:56:46.009,HOM,15,GA11,2019-11-05 17:57:15.293,29.284,14,False
2019-11-05 17:56:46.009,MOK,41,GA09,2019-11-05 17:57:04.535,18.526,5,False
2019-11-05 17:56:46.122,KWT,6014,RA19,2019-11-05 17:57:09.515,23.393,10,False
2019-11-05 17:56:47.802,HOM,04,QA13,2019-11-05 17:57:15.890,28.088,14,False
2019-11-05 17:56:48.001,LOF,09,GA38,2019-11-05 17:57:54.736,66.735,55,True
2019-11-05 17:56:48.201,CHH,03,GA37,2019-11-05 17:57:04.137,15.936,4,False
2019-11-05 17:56:48.399,KWT,6001,GA04,2019-11-05 17:57:09.914,21.515,6,False
2019-11-05 17:56:48.798,MOK,32B,QA14,2019-11-05 17:57:12.105,23.307,6,False
2019-11-05 17:56:49.396,YMT,34,RA41,2019-11-05 17:57:05.133,15.737,2,False
2019-11-05 17:56:50.690,SKM,08,RA15,2019-11-05 17:57:17.086,26.396,7,False
2019-11-05 17:56:50.956,DIH,03,GA06,2019-11-05 17:58:01.509,70.553,9,False
2019-11-05 17:56:51.586,MOK,43,GA09,2019-11-05 17:57:09.117,17.531,5,False
2019-11-05 17:56:51.587,TIK,7109C,GA02,2019-11-05 17:58:09.278,77.691,69,True
2019-11-05 17:56:51.786,YAT,7007,GA03,2019-11-05 17:57:24.257,32.471,23,False
2019-11-05 17:56:51.787,LAT,6103,GA36,2019-11-05 17:57:18.280,26.493,11,False
2019-11-05 17:56:51.985,LAT,6110,QA20,2019-11-05 17:57:32.026,40.041,22,False
2019-11-05 17:56:52.184,YMT,36,RA41,2019-11-05 17:57:14.097,21.913,4,False
2019-11-05 17:56:52.782,SKM,09,GA39,2019-11-05 17:57:08.662,15.88,3,False
2019-11-05 17:56:52.982,CHH,05,GA37,2019-11-05 17:57:10.475,17.493,5,False
2019-11-05 17:56:55.371,KWT,6003,GA04,2019-11-05 17:57:14.895,19.524,4,False
2019-11-05 17:56:55.770,MOK,34A,QA14,2019-11-05 17:57:18.054,22.284,7,False
2019-11-05 17:56:55.955,SKM,11,GA39,2019-11-05 17:57:17.683,21.728,3,False
2019-11-05 17:56:56.358,KWT,6012,RA19,2019-11-05 17:57:20.472,24.114,10,False
2019-11-05 17:56:56.568,YMT,38,RA41,2019-11-05 17:57:22.066,25.498,3,False
2019-11-05 17:56:56.649,MOK,45,GA09,2019-11-05 17:57:27.993,31.344,11,False
2019-11-05 17:56:58.498,SKM,10,RA15,2019-11-05 17:58:14.060,75.562,10,False
2019-11-05 17:56:58.758,CHH,07,GA37,2019-11-05 17:57:13.499,14.741,2,False
2019-11-05 17:56:59.953,YMT,40,RA41,2019-11-05 17:58:49.080,109.127,92,True
2019-11-05 17:56:59.953,SKM,13,GA39,2019-11-05 17:58:20.633,80.68,64,True
2019-11-05 17:57:00.088,KWT,6005,GA04,2019-11-05 17:57:25.981,25.893,6,False
2019-11-05 17:57:00.088,DIH,05,GA06,2019-11-05 17:58:11.469,71.381,57,True
2019-11-05 17:57:00.152,HOM,17,GA11,2019-11-05 17:57:35.213,35.061,23,False
2019-11-05 17:57:00.949,CHH,09B,GA37,2019-11-05 17:57:30.631,29.682,9,False
2019-11-05 17:57:02.544,HOM,06,QA13,2019-11-05 17:57:40.445,37.901,21,False
2019-11-05 17:57:03.141,LAT,6105,GA36,2019-11-05 17:58:25.215,82.074,69,True
2019-11-05 17:57:03.340,YAT,7010,RA46,2019-11-05 17:57:24.257,20.917,11,False
2019-11-05 17:57:03.539,MOK,34B,QA14,2019-11-05 17:57:23.042,19.503,6,False
2019-11-05 17:57:06.120,KWT,6007,GA04,2019-11-05 17:58:27.171,81.051,62,True
2019-11-05 17:57:06.926,KWT,6010,RA19,2019-11-05 17:57:36.187,29.261,8,False
2019-11-05 17:57:07.922,MOK,47,GA09,2019-11-05 17:58:31.590,83.668,67,True
2019-11-05 17:57:09.316,SKM,12,RA15,2019-11-05 17:58:22.625,73.309,61,True
2019-11-05 17:57:10.075,CHH,11,GA37,2019-11-05 17:58:36.570,86.495,72,True
2019-11-05 17:57:10.474,MOK,36,QA14,2019-11-05 17:57:42.186,31.712,13,False
2019-11-05 17:57:13.102,CHH,12,RA44,2019-11-05 17:57:36.011,22.909,9,False
2019-11-05 17:57:14.695,LAT,6108,QA20,2019-11-05 17:57:50.154,35.459,7,False
2019-11-05 17:57:15.093,YAT,7009,GA03,2019-11-05 17:57:39.102,24.009,18,False
2019-11-05 17:57:15.292,DIH,12,QA16,2019-11-05 17:57:39.101,23.809,12,False
2019-11-05 17:57:15.292,YAT,7008,RA46,2019-11-05 17:57:39.102,23.81,12,False
2019-11-05 17:57:15.691,KWT,6008,RA19,2019-11-05 17:58:42.650,86.959,69,True
2019-11-05 17:57:17.684,TIK,7120,RA35,2019-11-05 17:57:48.163,30.479,10,False
2019-11-05 17:57:21.866,LAT,6106,QA20,2019-11-05 17:58:33.120,71.254,9,False
2019-11-05 17:57:23.042,CHH,14,RA44,2019-11-05 17:57:42.560,19.518,6,False
2019-11-05 17:57:23.262,HOM,19,GA11,2019-11-05 17:57:57.126,33.864,21,False
2019-11-05 17:57:23.662,KOB,11,GA05,2019-11-05 17:57:48.162,24.5,13,False
2019-11-05 17:57:23.858,MOK,38,QA14,2019-11-05 17:58:29.597,65.739,9,False
2019-11-05 17:57:23.859,HOM,08,QA13,2019-11-05 17:58:16.865,53.006,29,False
2019-11-05 17:57:25.055,YMT,37,GA10,2019-11-05 17:57:45.573,20.518,7,False
2019-11-05 17:57:26.846,KOT,11,GA08,2019-11-05 17:57:51.548,24.702,14,False
2019-11-05 17:57:27.444,WTS,02,QA16,2019-11-05 17:57:49.158,21.714,8,False
2019-11-05 17:57:27.993,YAT,7006C,RA46,2019-11-05 17:58:37.167,69.174,1,False
2019-11-05 17:57:28.124,TIK,7118,RA35,2019-11-05 17:57:54.337,26.213,1,False
2019-11-05 17:57:28.242,KOB,12,QA17,2019-11-05 17:57:47.565,19.323,9,False
2019-11-05 17:57:28.440,WTS,12,RA43,2019-11-05 17:57:48.162,19.722,8,False
2019-11-05 17:57:29.436,CHH,16,RA44,2019-11-05 17:57:47.564,18.128,3,False
2019-11-05 17:57:29.835,YAT,7006B,RA46,2019-11-05 17:58:41.153,71.318,7,False
2019-11-05 17:57:29.836,TIK,7116,RA35,2019-11-05 17:59:01.273,91.437,13,False
2019-11-05 17:57:31.627,LAT,6104,QA20,2019-11-05 17:58:40.355,68.728,54,True
2019-11-05 17:57:32.222,YMT,39,GA10,2019-11-05 17:57:52.544,20.322,6,False
2019-11-05 17:57:33.140,CHH,18,RA44,2019-11-05 17:57:52.146,19.006,4,False
2019-11-05 17:57:33.620,TIK,7101,GA03,2019-11-05 17:58:13.262,39.642,27,False
2019-11-05 17:57:33.621,WHA,04,GA40,2019-11-05 17:58:01.311,27.69,12,False
2019-11-05 17:57:33.819,MOK,40,QA14,2019-11-05 17:58:36.570,62.751,46,True
2019-11-05 17:57:34.401,LOF,12,QA42,2019-11-05 17:57:55.103,20.702,12,False
2019-11-05 17:57:35.811,WTS,04,QA16,2019-11-05 17:57:59.118,23.307,8,False
2019-11-05 17:57:37.007,WTS,14,RA43,2019-11-05 17:57:54.736,17.729,7,False
2019-11-05 17:57:37.405,CHH,20,RA44,2019-11-05 17:57:58.521,21.116,6,False
2019-11-05 17:57:37.605,KOB,13,GA05,2019-11-05 17:57:57.127,19.522,9,False
2019-11-05 17:57:37.803,YAT,7006A,RA46,2019-11-05 17:58:47.328,69.525,55,True
2019-11-05 17:57:38.002,KOB,14,QA17,2019-11-05 17:57:55.533,17.531,7,False
2019-11-05 17:57:38.800,YMT,41,GA10,2019-11-05 17:58:01.708,22.908,9,False
2019-11-05 17:57:40.706,WTS,07,GA07,2019-11-05 17:58:06.086,25.38,15,False
2019-11-05 17:57:41.190,KOT,13,GA08,2019-11-05 17:57:59.850,18.66,8,False
2019-11-05 17:57:43.381,TIK,7114,RA35,2019-11-05 17:59:17.209,93.828,70,False
2019-11-05 17:57:43.779,LOF,11,GA38,2019-11-05 17:58:05.096,21.317,11,False
2019-11-05 17:57:43.978,KOB,08,RA45,2019-11-05 17:59:10.608,86.63,14,False
2019-11-05 17:57:43.978,DIH,02,RA44,2019-11-05 17:58:11.071,27.093,9,False
2019-11-05 17:57:44.377,WTS,06,QA16,2019-11-05 17:58:14.060,29.683,9,False
2019-11-05 17:57:44.377,HOM,21,GA11,2019-11-05 17:58:18.630,34.253,20,False
2019-11-05 17:57:44.776,LOF,02,RA43,2019-11-05 17:58:02.104,17.328,6,False
2019-11-05 17:57:45.771,KOB,16,QA17,2019-11-05 17:58:05.692,19.921,9,False
2019-11-05 17:57:46.170,WHA,02,GA40,2019-11-05 17:58:10.872,24.702,8,False
2019-11-05 17:57:46.568,LOF,14,QA42,2019-11-05 17:58:03.103,16.535,7,False
2019-11-05 17:57:47.166,KOB,15,GA05,2019-11-05 17:58:05.096,17.93,8,False
2019-11-05 17:57:48.560,MOK,31,GA10,2019-11-05 17:58:09.676,21.116,8,False
2019-11-05 17:57:49.557,KOT,15,GA08,2019-11-05 17:58:06.086,16.529,7,False
2019-11-05 17:57:50.951,LOF,04,RA43,2019-11-05 17:58:09.080,18.129,7,False
2019-11-05 17:57:53.341,HOM,10,QA13,2019-11-05 17:59:03.265,69.924,8,False
2019-11-05 17:57:53.541,WTS,08,QA16,2019-11-05 17:59:23.583,90.042,13,False
2019-11-05 17:57:53.939,KOT,02,QA42,2019-11-05 17:58:10.075,16.136,7,False
2019-11-05 17:57:53.940,DIH,04,RA44,2019-11-05 17:58:22.178,28.238,10,False
2019-11-05 17:57:54.935,LOF,13,GA38,2019-11-05 17:58:15.653,20.718,9,False
2019-11-05 17:57:55.103,CHH,02,QA17,2019-11-05 17:58:17.018,21.915,12,False
2019-11-05 17:57:55.134,HOM,20,GA40,2019-11-05 17:58:27.605,32.471,15,False
2019-11-05 17:57:55.732,NTK,01,GA05,2019-11-05 17:58:10.473,14.741,5,False
2019-11-05 17:57:55.732,WTS,09,GA07,2019-11-05 17:58:17.018,21.286,9,False
2019-11-05 17:57:56.927,LOF,01,GA08,2019-11-05 17:58:13.063,16.136,5,False
2019-11-05 17:57:57.127,MOK,33,GA10,2019-11-05 17:58:24.618,27.491,8,False
2019-11-05 17:57:57.326,DIH,07,GA06,2019-11-05 17:58:19.637,22.311,9,False
2019-11-05 17:57:58.314,LOF,06,RA43,2019-11-05 17:58:24.618,26.304,8,False
2019-11-05 17:57:58.322,KOB,10,RA45,2019-11-05 17:59:20.121,81.799,70,True
2019-11-05 17:58:01.080,TIK,7111,GA02,2019-11-05 17:58:15.255,14.175,0,False
2019-11-05 17:58:01.081,TIK,7103,GA03,2019-11-05 17:58:32.091,31.01,14,False
2019-11-05 17:58:01.310,NTK,03,GA05,2019-11-05 17:58:12.465,11.155,2,False
2019-11-05 17:58:01.310,TIK,7113,GA02,2019-11-05 17:58:27.172,25.862,14,False
2019-11-05 17:58:01.496,KOT,04,QA42,2019-11-05 17:58:18.630,17.134,5,False
2019-11-05 17:58:02.306,HOM,12,QA13,2019-11-05 17:59:10.609,68.303,51,True
2019-11-05 17:58:02.505,LOF,03,GA08,2019-11-05 17:58:20.633,18.128,6,False
2019-11-05 17:58:03.501,NTK,05,GA05,2019-11-05 17:58:20.633,17.132,6,False
2019-11-05 17:58:04.082,DIH,06,RA44,2019-11-05 17:58:43.144,39.062,17,False
2019-11-05 17:58:04.497,SKM,15,GA39,2019-11-05 17:58:28.601,24.104,13,False
2019-11-05 17:58:04.696,WTS,01,GA38,2019-11-05 17:58:25.613,20.917,12,False
2019-11-05 17:58:04.895,WTS,11,GA07,2019-11-05 17:58:28.004,23.109,10,False
2019-11-05 17:58:05.295,YMT,31,GA11,2019-11-05 17:58:30.195,24.9,12,False
2019-11-05 17:58:05.892,MOK,35,GA10,2019-11-05 17:59:31.153,85.261,10,False
2019-11-05 17:58:06.489,LOF,08,RA43,2019-11-05 17:59:31.153,84.664,10,False
2019-11-05 17:58:06.888,DIH,09,GA06,2019-11-05 17:58:29.000,22.112,10,False
2019-11-05 17:58:07.068,NTK,08,QA18,2019-11-05 17:58:34.179,27.111,13,False
2019-11-05 17:58:07.286,KOT,06,QA42,2019-11-05 17:58:33.120,25.834,7,False
2019-11-05 17:58:07.485,WTS,10,QA16,2019-11-05 17:59:33.145,85.66,73,True
2019-11-05 17:58:07.885,CHH,04,QA17,2019-11-05 17:58:29.997,22.112,10,False
2019-11-05 17:58:08.681,KWT,6009,GA04,2019-11-05 17:58:32.091,23.41,8,False
2019-11-05 17:58:09.079,LOF,05,GA08,2019-11-05 17:58:33.582,24.503,7,False
2019-11-05 17:58:10.274,NTK,07,GA05,2019-11-05 17:58:32.586,22.312,8,False
2019-11-05 17:58:10.638,HOM,18,GA40,2019-11-05 17:58:32.639,22.001,6,False
2019-11-05 17:58:11.271,SKM,14,RA15,2019-11-05 17:58:28.601,17.33,6,False
2019-11-05 17:58:13.063,LAT,6107,GA36,2019-11-05 17:58:33.120,20.057,6,False
2019-11-05 17:58:14.436,KOT,08,QA42,2019-11-05 18:00:03.027,108.591,10,False
2019-11-05 17:58:15.055,DIH,01,GA07,2019-11-05 17:58:41.152,26.097,9,False
2019-11-05 17:58:15.454,SKM,01,GA09,2019-11-05 17:58:39.160,23.706,11,False
2019-11-05 17:58:15.865,TIK,7105,GA03,2019-11-05 17:58:47.098,31.233,7,False
2019-11-05 17:58:16.052,TIK,7115,GA02,2019-11-05 17:58:32.187,16.135,1,False
2019-11-05 17:58:16.450,MOK,37,GA10,2019-11-05 17:59:36.062,79.612,64,True
2019-11-05 17:58:16.865,HOM,22,GA40,2019-11-05 17:58:38.306,21.441,3,False
2019-11-05 17:58:16.865,WTS,03,GA38,2019-11-05 17:58:41.550,24.685,5,False
2019-11-05 17:58:17.018,LOF,07,GA08,2019-11-05 17:59:27.565,70.547,11,False
2019-11-05 17:58:17.246,LOF,10,RA43,2019-11-05 17:59:39.521,82.275,71,True
2019-11-05 17:58:17.446,KWT,6011,GA04,2019-11-05 17:58:37.367,19.921,6,False
2019-11-05 17:58:17.645,YMT,33,GA11,2019-11-05 17:58:40.156,22.511,4,False
2019-11-05 17:58:17.646,SKM,16,RA15,2019-11-05 17:58:32.586,14.94,3,False
2019-11-05 17:58:17.865,CHH,01,GA06,2019-11-05 17:58:38.562,20.697,6,False
2019-11-05 17:58:17.866,TIK,7149,GA02,2019-11-05 17:58:36.152,18.286,,False
2019-11-05 17:58:18.242,SKM,17,GA39,2019-11-05 17:58:36.571,18.329,9,False
2019-11-05 17:58:18.442,NTK,09,GA05,2019-11-05 17:59:28.165,69.723,10,False
2019-11-05 17:58:18.840,CHH,06,QA17,2019-11-05 17:58:40.554,21.714,8,False
2019-11-05 17:58:19.638,LAT,6109,GA36,2019-11-05 17:58:52.308,32.67,29,False
2019-11-05 17:58:19.836,TIK,7120,QA02,2019-11-05 17:58:47.128,27.292,3,False
2019-11-05 17:58:19.836,MOK,42,QA14,2019-11-05 17:58:45.136,25.3,8,False
2019-11-05 17:58:20.832,HOM,07,GA40,2019-11-05 17:58:46.729,25.897,5,False
2019-11-05 17:58:21.031,NTK,10,QA18,2019-11-05 17:58:45.136,24.105,11,False
2019-11-05 17:58:21.616,SKM,18,RA15,2019-11-05 17:58:42.149,20.533,8,False
2019-11-05 17:58:21.828,DIH,08,RA44,2019-11-05 17:59:31.553,69.725,12,False
2019-11-05 17:58:22.027,YMT,35,GA11,2019-11-05 17:59:53.988,91.961,75,True
2019-11-05 17:58:22.227,WTS,05,GA38,2019-11-05 17:59:35.137,72.91,58,True
2019-11-05 17:58:22.427,CHH,13A,GA37,2019-11-05 17:58:46.132,23.705,13,False
2019-11-05 17:58:23.422,TIK,7122,QA02,2019-11-05 17:59:28.166,64.744,52,False
2019-11-05 17:58:23.621,KWT,6013,GA04,2019-11-05 17:58:45.894,22.273,9,False
2019-11-05 17:58:23.821,TIK,7107,GA03,2019-11-05 17:58:54.279,30.458,12,False
2019-11-05 17:58:23.962,CHH,03,GA06,2019-11-05 17:58:47.097,23.135,5,False
2019-11-05 17:58:24.418,DIH,03,GA07,2019-11-05 17:59:39.520,75.102,10,False
2019-11-05 17:58:25.016,KOT,10,QA42,2019-11-05 18:00:10.975,105.959,94,True
2019-11-05 17:58:25.215,KWT,6006,RA19,2019-11-05 17:58:47.327,22.112,7,False
2019-11-05 17:58:26.013,LAT,6102,QA20,2019-11-05 17:58:48.323,22.31,7,False
2019-11-05 17:58:26.211,HOM,09,GA40,2019-11-05 17:59:33.545,67.334,8,False
2019-11-05 17:58:26.609,SKM,03,GA09,2019-11-05 17:58:46.530,19.921,7,False
2019-11-05 17:58:27.172,CHH,08,QA17,2019-11-05 17:58:51.112,23.94,5,False
2019-11-05 17:58:28.203,SKM,19,GA39,2019-11-05 17:58:43.543,15.34,5,False
2019-11-05 17:58:28.402,LOF,09,GA08,2019-11-05 17:59:36.668,68.266,58,True
2019-11-05 17:58:28.802,MOK,44,QA14,2019-11-05 17:58:56.491,27.689,4,False
2019-11-05 17:58:29.000,NTK,11,GA05,2019-11-05 17:59:38.119,69.119,57,True
2019-11-05 17:58:29.398,CHH,05,GA06,2019-11-05 17:58:54.499,25.101,8,False
2019-11-05 17:58:29.996,SKM,20,RA15,2019-11-05 17:58:55.096,25.1,10,False
2019-11-05 17:58:32.386,CHH,10,QA17,2019-11-05 17:59:47.039,74.653,57,True
2019-11-05 17:58:32.503,NTK,12,QA18,2019-11-05 17:58:49.080,16.577,3,False
2019-11-05 17:58:32.640,KWT,6004,RA19,2019-11-05 17:58:51.311,18.671,5,False
2019-11-05 17:58:32.785,YMT,42,RA41,2019-11-05 17:58:54.101,21.316,7,False
2019-11-05 17:58:32.984,YAT,7004,RA46,2019-11-05 17:58:50.315,17.331,6,False
2019-11-05 17:58:33.120,KWT,6015,GA04,2019-11-05 17:58:57.488,24.368,16,False
2019-11-05 17:58:33.382,KWT,6016,QA20,2019-11-05 17:58:57.488,24.106,10,False
2019-11-05 17:58:33.781,MOK,46,QA14,2019-11-05 17:59:14.021,40.24,14,False
2019-11-05 17:58:33.782,SKM,21,GA39,2019-11-05 17:58:49.080,15.298,7,False
2019-11-05 17:58:34.378,SKM,05,GA09,2019-11-05 17:58:54.101,19.723,8,False
2019-11-05 17:58:34.553,DIH,10,RA44,2019-11-05 17:59:41.114,66.561,54,True
2019-11-05 17:58:34.777,HOM,11,GA40,2019-11-05 17:59:42.508,67.731,50,True
2019-11-05 17:58:35.175,DIH,05,GA07,2019-11-05 17:59:48.481,73.306,61,True
2019-11-05 17:58:35.574,CHH,15,GA37,2019-11-05 17:58:53.481,17.907,7,False
2019-11-05 17:58:35.972,NTK,14,QA18,2019-11-05 17:58:57.088,21.116,7,False
2019-11-05 17:58:36.371,TIK,7109A,GA03,2019-11-05 17:59:55.263,78.892,12,False
2019-11-05 17:58:36.570,TIK,7110,QA01,2019-11-05 17:58:57.089,20.519,12,False
2019-11-05 17:58:37.765,CHH,07,GA06,2019-11-05 17:58:58.083,20.318,5,False
2019-11-05 17:58:38.363,KWT,6002,RA19,2019-11-05 17:59:00.674,22.311,11,False
2019-11-05 17:58:39.757,YAT,7002,RA46,2019-11-05 17:58:59.246,19.489,10,False
2019-11-05 17:58:40.726,YMT,44,RA41,2019-11-05 17:59:04.640,23.914,13,False
2019-11-05 17:58:40.726,SKM,22A,RA15,2019-11-05 17:59:00.674,19.948,3,False
2019-11-05 17:58:40.952,KOT,01,GA39,2019-11-05 17:58:55.495,14.543,5,False
2019-11-05 17:58:42.509,SKM,07,GA09,2019-11-05 17:59:01.670,19.161,8,False
2019-11-05 17:58:42.650,CHH,17,GA37,2019-11-05 17:59:00.674,18.024,7,False
2019-11-05 17:58:43.343,CHH,09B,GA06,2019-11-05 17:59:15.588,32.245,11,False
2019-11-05 17:58:43.941,KOB,02,QA18,2019-11-05 17:59:13.623,29.682,11,False
2019-11-05 17:58:43.941,SKM,22B,RA15,2019-11-05 17:59:56.642,72.701,3,False
2019-11-05 17:58:44.140,KWT,6014,QA20,2019-11-05 17:59:07.979,23.839,10,False
2019-11-05 17:58:46.628,KOT,03,GA39,2019-11-05 17:59:02.069,15.441,5,False
2019-11-05 17:58:47.328,SKM,22C,RA15,2019-11-05 18:00:01.036,73.708,4,False
2019-11-05 17:58:48.323,YMT,32,QA14,2019-11-05 17:59:24.962,36.639,16,False
2019-11-05 17:58:48.921,TIK,7109B,GA03,2019-11-05 18:00:01.220,72.299,1,False
2019-11-05 17:58:49.080,TIK,7108,QA01,2019-11-05 17:59:04.265,15.185,4,False
2019-11-05 17:58:49.319,LAT,6101,GA04,2019-11-05 17:59:01.272,11.953,0,False
2019-11-05 17:58:49.319,YAT,7001,GA36,2019-11-05 17:59:15.216,25.897,14,False
2019-11-05 17:58:49.518,LAT,6103,GA04,2019-11-05 17:59:20.122,30.604,13,False
2019-11-05 17:58:49.917,LAT,6112,RA46,2019-11-05 17:59:29.360,39.443,26,False
2019-11-05 17:58:49.918,CHH,19,GA37,2019-11-05 17:59:07.639,17.721,6,False
2019-11-05 17:58:50.116,NTK,02,RA19,2019-11-05 17:59:07.049,16.933,7,False
2019-11-05 17:58:50.315,TIK,7109C,GA03,2019-11-05 18:00:06.215,75.9,59,True
2019-11-05 17:58:50.514,SKM,09,GA09,2019-11-05 17:59:06.053,15.539,3,False
2019-11-05 17:58:52.307,MOK,32A,RA15,2019-11-05 18:00:06.613,74.306,58,True
2019-11-05 17:58:52.307,KOT,05,GA39,2019-11-05 17:59:09.041,16.734,6,False
2019-11-05 17:58:53.702,HOM,14,QA13,2019-11-05 17:59:15.017,21.315,7,False
2019-11-05 17:58:53.702,TIK,7106,QA01,2019-11-05 17:59:24.181,30.479,23,False
2019-11-05 17:58:53.702,TIK,7112C,RA35,2019-11-05 18:01:04.184,130.482,9,False
2019-11-05 17:58:54.100,SKM,11,GA09,2019-11-05 17:59:14.619,20.519,3,False
2019-11-05 17:58:54.299,HOM,02,RA41,2019-11-05 17:59:27.368,33.069,20,False
2019-11-05 17:58:54.499,KWT,6012,QA20,2019-11-05 17:59:18.603,24.104,10,False
2019-11-05 17:58:54.634,CHH,11,GA06,2019-11-05 18:00:13.585,78.951,64,True
2019-11-05 17:58:55.296,KOB,04,QA18,2019-11-05 17:59:30.557,35.261,16,False
2019-11-05 17:58:56.292,CHH,21,GA37,2019-11-05 17:59:15.018,18.726,8,False
2019-11-05 17:58:57.487,NTK,04,RA19,2019-11-05 17:59:22.587,25.1,8,False
2019-11-05 17:58:58.083,SKM,13,GA09,2019-11-05 18:00:17.569,79.486,63,True
2019-11-05 17:58:58.580,KOT,07,GA39,2019-11-05 17:59:23.185,24.605,7,False
2019-11-05 17:59:01.428,HOM,16,QA13,2019-11-05 17:59:17.209,15.781,3,False
2019-11-05 17:59:03.050,LAT,6105,GA04,2019-11-05 18:00:19.362,76.312,60,True
2019-11-05 17:59:03.662,TIK,7112B,RA35,2019-11-05 18:01:08.169,124.507,12,False
2019-11-05 17:59:04.062,YAT,7003A,GA36,2019-11-05 18:00:22.151,78.089,3,False
2019-11-05 17:59:04.452,KOB,01,GA37,2019-11-05 17:59:22.189,17.737,6,False
2019-11-05 17:59:04.527,YMT,34,QA14,2019-11-05 17:59:28.165,23.638,4,False
2019-11-05 17:59:04.859,HOM,18,QA13,2019-11-05 17:59:20.663,15.804,4,False
2019-11-05 17:59:05.455,KWT,6010,QA20,2019-11-05 17:59:34.272,28.817,8,False
2019-11-05 17:59:05.654,KOT,09,GA39,2019-11-05 18:00:30.519,84.865,69,True
2019-11-05 17:59:05.854,NTK,06,RA19,2019-11-05 18:00:25.139,79.285,63,True
2019-11-05 17:59:07.405,YAT,7003B,GA36,2019-11-05 18:00:27.330,79.925,9,False
2019-11-05 17:59:08.443,KOB,12,RA45,2019-11-05 17:59:29.161,20.718,11,False
2019-11-05 17:59:09.240,HOM,20,QA13,2019-11-05 17:59:31.352,22.112,,False
2019-11-05 17:59:09.241,YMT,36,QA14,2019-11-05 17:59:37.727,28.486,7,False
2019-11-05 17:59:11.232,KOB,03,GA37,2019-11-05 17:59:29.161,17.929,7,False
2019-11-05 17:59:11.431,KOB,06,QA18,2019-11-05 17:59:47.039,35.608,17,False
2019-11-05 17:59:11.631,HOM,20,GA13,2019-11-05 17:59:31.352,19.721,8,False
2019-11-05 17:59:13.822,KWT,6008,QA20,2019-11-05 18:00:32.709,78.887,61,True
2019-11-05 17:59:15.017,HOM,04,RA41,2019-11-05 17:59:42.508,27.491,15,False
2019-11-05 17:59:15.814,TIK,7120,QA02,2019-11-05 17:59:37.265,21.451,0,False
2019-11-05 17:59:16.014,TIK,7112A,RA35,2019-11-05 18:01:17.325,121.311,106,True
2019-11-05 17:59:16.412,LAT,6110,RA46,2019-11-05 17:59:48.286,31.874,18,False
2019-11-05 17:59:16.412,YAT,7003C,GA36,2019-11-05 18:00:29.324,72.912,0,False
2019-11-05 17:59:16.611,YAT,7003D,GA36,2019-11-05 18:00:33.307,76.696,60,True
2019-11-05 17:59:16.811,TIK,7118,QA02,2019-11-05 17:59:47.090,30.279,9,False
2019-11-05 17:59:17.010,YMT,38,QA14,2019-11-05 17:59:45.097,28.087,3,False
2019-11-05 17:59:17.010,TIK,7104,QA01,2019-11-05 17:59:38.119,21.109,17,False
2019-11-05 17:59:19.001,KOB,05,GA37,2019-11-05 17:59:39.078,20.077,10,False
2019-11-05 17:59:19.798,KOB,14,RA45,2019-11-05 17:59:37.046,17.248,7,False
2019-11-05 17:59:20.389,WTS,07,GA38,2019-11-05 17:59:44.500,24.111,14,False
2019-11-05 17:59:20.541,MOK,39,GA10,2019-11-05 17:59:41.512,20.971,7,False
2019-11-05 17:59:20.595,WHA,02,GA13,2019-11-05 17:59:39.079,18.484,6,False
2019-11-05 17:59:20.795,YMT,40,QA14,2019-11-05 18:00:40.080,79.285,63,True
2019-11-05 17:59:20.994,WTS,12,QA16,2019-11-05 17:59:42.110,21.116,9,False
2019-11-05 17:59:24.962,HOM,13,GA40,2019-11-05 17:59:46.550,21.588,5,False
2019-11-05 17:59:25.974,TIK,7116,QA02,2019-11-05 18:01:27.293,121.319,9,False
2019-11-05 17:59:26.372,NTK,13,GA05,2019-11-05 17:59:47.090,20.718,10,False
2019-11-05 17:59:26.572,LOF,11,GA08,2019-11-05 17:59:47.039,20.467,10,False
2019-11-05 17:59:26.970,WHA,04,GA13,2019-11-05 17:59:52.668,25.698,6,False
2019-11-05 17:59:27.169,KOB,16,RA45,2019-11-05 17:59:47.039,19.87,9,False
2019-11-05 17:59:27.565,MOK,41,GA10,2019-11-05 17:59:46.018,18.453,5,False
2019-11-05 17:59:28.364,LOF,12,RA43,2019-11-05 17:59:49.082,20.718,12,False
2019-11-05 17:59:28.763,DIH,12,RA44,2019-11-05 17:59:52.070,23.307,11,False
2019-11-05 17:59:29.161,KOB,07,GA37,2019-11-05 17:59:58.619,29.458,11,False
2019-11-05 17:59:29.162,KOB,08,QA18,2019-11-05 18:00:42.073,72.911,13,False
2019-11-05 17:59:29.958,CHH,12,QA17,2019-11-05 17:59:53.050,23.092,10,False
2019-11-05 17:59:30.356,HOM,15,GA40,2019-11-05 17:59:59.243,28.887,13,False
2019-11-05 17:59:30.556,HOM,06,RA41,2019-11-05 18:00:05.218,34.662,19,False
2019-11-05 17:59:30.955,WTS,14,QA16,2019-11-05 17:59:49.082,18.127,8,False
2019-11-05 17:59:33.544,MOK,43,GA10,2019-11-05 17:59:51.035,17.491,5,False
2019-11-05 17:59:33.743,WHA,06,GA13,2019-11-05 18:03:14.631,220.888,204,True
2019-11-05 17:59:34.739,WTS,09,GA38,2019-11-05 17:59:56.642,21.903,9,False
2019-11-05 17:59:34.938,TIK,7102,QA01,2019-11-05 17:59:46.293,11.355,7,False
2019-11-05 17:59:35.337,LAT,6108,RA46,2019-11-05 18:00:00.238,24.901,6,False
2019-11-05 17:59:35.735,TIK,7114,QA02,2019-11-05 18:01:45.222,129.487,109,False
2019-11-05 17:59:36.264,DIH,07,GA07,2019-11-05 17:59:56.642,20.378,8,False
2019-11-05 17:59:36.333,CHH,02,RA45,2019-11-05 18:00:03.624,27.291,14,False
2019-11-05 17:59:36.526,NTK,15,GA05,2019-11-05 17:59:56.642,20.116,9,False
2019-11-05 17:59:37.046,LOF,13,GA08,2019-11-05 17:59:56.642,19.596,9,False
2019-11-05 17:59:37.727,YMT,37,GA11,2019-11-05 17:59:57.650,19.923,6,False
2019-11-05 17:59:38.691,MOK,45,GA10,2019-11-05 18:00:09.999,31.308,11,False
2019-11-05 17:59:39.078,LOF,02,QA16,2019-11-05 17:59:57.052,17.974,6,False
2019-11-05 17:59:39.918,WTS,02,RA44,2019-11-05 18:00:02.031,22.113,8,False
2019-11-05 17:59:40.516,CHH,14,QA17,2019-11-05 17:59:59.593,19.077,5,False
2019-11-05 17:59:40.517,LOF,14,RA43,2019-11-05 18:00:00.040,19.523,7,False
2019-11-05 17:59:40.692,KOB,09,GA37,2019-11-05 18:00:57.212,76.52,60,True
2019-11-05 17:59:42.309,LAT,6106,RA46,2019-11-05 18:00:48.248,65.939,5,False
2019-11-05 17:59:42.508,YAT,7012,QA01,2019-11-05 18:00:07.409,24.901,17,False
2019-11-05 17:59:42.907,KOB,10,QA18,2019-11-05 18:00:52.232,69.325,56,True
2019-11-05 17:59:43.857,WTS,11,GA38,2019-11-05 18:00:06.214,22.357,9,False
2019-11-05 17:59:43.857,YMT,39,GA11,2019-11-05 18:00:04.529,20.672,7,False
2019-11-05 17:59:43.903,HOM,17,GA40,2019-11-05 18:00:19.164,35.261,23,False
2019-11-05 17:59:44.500,DIH,09,GA07,2019-11-05 18:00:05.618,21.118,10,False
2019-11-05 17:59:45.097,LOF,04,QA16,2019-11-05 18:00:04.024,18.927,7,False
2019-11-05 17:59:46.094,CHH,16,QA17,2019-11-05 18:00:04.529,18.435,5,False
2019-11-05 17:59:46.294,KWT,6001,GA05,2019-11-05 18:00:08.007,21.713,7,False
2019-11-05 17:59:46.493,WTS,01,GA08,2019-11-05 18:00:06.214,19.721,9,False
2019-11-05 17:59:47.887,LAT,6104,RA46,2019-11-05 18:00:54.224,66.337,54,True
2019-11-05 17:59:48.286,HOM,05,GA12,2019-11-05 18:00:12.987,24.701,8,False
2019-11-05 17:59:48.480,KOT,02,RA43,2019-11-05 18:00:15.087,26.607,9,False
2019-11-05 17:59:48.684,WTS,04,RA44,2019-11-05 18:00:10.597,21.913,9,False
2019-11-05 17:59:49.879,TIK,7111,GA03,2019-11-05 18:00:11.194,21.315,9,False
2019-11-05 17:59:50.078,MOK,47,GA10,2019-11-05 18:01:42.632,112.554,95,True
2019-11-05 17:59:50.477,HOM,08,RA41,2019-11-05 18:00:38.288,47.811,25,False
2019-11-05 17:59:50.876,CHH,04,RA45,2019-11-05 18:00:21.149,30.273,16,False
2019-11-05 17:59:50.876,MOK,32B,RA15,2019-11-05 18:00:09.601,18.725,7,False
2019-11-05 17:59:51.273,CHH,18,QA17,2019-11-05 18:00:08.605,17.332,3,False
2019-11-05 17:59:51.672,YMT,41,GA11,2019-11-05 18:00:13.586,21.914,9,False
2019-11-05 17:59:52.803,LOF,06,QA16,2019-11-05 18:00:18.566,25.763,9,False
2019-11-05 17:59:53.465,DIH,01,GA38,2019-11-05 18:00:19.163,25.698,8,False
2019-11-05 17:59:53.988,KWT,6003,GA05,2019-11-05 18:00:13.386,19.398,5,False
2019-11-05 17:59:55.058,CHH,01,GA07,2019-11-05 18:00:15.087,20.029,5,False
2019-11-05 17:59:55.263,CHH,20,QA17,2019-11-05 18:00:13.586,18.323,5,False
2019-11-05 17:59:56.454,WTS,03,GA08,2019-11-05 18:00:21.553,25.099,6,False
2019-11-05 17:59:57.052,HOM,07,GA12,2019-11-05 18:00:22.537,25.485,5,False
2019-11-05 17:59:58.048,MOK,34A,RA15,2019-11-05 18:00:14.578,16.53,5,False
2019-11-05 17:59:58.246,KOT,04,RA43,2019-11-05 18:00:25.139,26.893,12,False
2019-11-05 17:59:58.446,WTS,06,RA44,2019-11-05 18:00:25.139,26.693,7,False
2019-11-05 17:59:59.043,CHH,13A,GA06,2019-11-05 18:00:23.545,24.502,12,False
2019-11-05 17:59:59.043,KWT,6005,GA05,2019-11-05 18:00:23.745,24.702,5,False
2019-11-05 17:59:59.242,TIK,7113,GA03,2019-11-05 18:00:25.338,26.096,11,False
2019-11-05 17:59:59.441,KOT,12,QA42,2019-11-05 18:00:20.557,21.116,12,False
2019-11-05 17:59:59.593,YAT,7010,QA01,2019-11-05 18:00:24.143,24.55,13,False
2019-11-05 18:00:00.239,CHH,03,GA07,2019-11-05 18:00:23.545,23.306,6,False
2019-11-05 18:00:00.836,MOK,31,GA11,2019-11-05 18:00:21.553,20.717,8,False
2019-11-05 18:00:01.234,DIH,02,QA17,2019-11-05 18:00:21.149,19.915,8,False
2019-11-05 18:00:01.809,SKM,15,GA09,2019-11-05 18:00:25.538,23.729,13,False
2019-11-05 18:00:02.006,LOF,08,QA16,2019-11-05 18:01:14.543,72.537,10,False
2019-11-05 18:00:02.430,DIH,03,GA38,2019-11-05 18:01:11.555,69.125,10,False
2019-11-05 18:00:02.577,HOM,09,GA12,2019-11-05 18:02:17.095,134.518,7,False
2019-11-05 18:00:03.226,WTS,05,GA08,2019-11-05 18:01:22.515,79.289,64,True
2019-11-05 18:00:03.824,MOK,34B,RA15,2019-11-05 18:00:19.561,15.737,4,False
2019-11-05 18:00:04.023,LAT,6107,GA04,2019-11-05 18:00:26.334,22.311,11,False
2019-11-05 18:00:04.222,KWT,6007,GA05,2019-11-05 18:01:31.476,87.254,70,True
2019-11-05 18:00:06.413,WTS,08,RA44,2019-11-05 18:01:26.098,79.685,12,False
2019-11-05 18:00:06.614,CHH,05,GA07,2019-11-05 18:00:30.519,23.905,7,False
2019-11-05 18:00:07.012,CHH,06,RA45,2019-11-05 18:00:31.515,24.503,10,False
2019-11-05 18:00:07.609,HOM,19,GA40,2019-11-05 18:00:40.678,33.069,20,False
2019-11-05 18:00:08.406,MOK,36,RA15,2019-11-05 18:00:36.664,28.258,11,False
2019-11-05 18:00:08.982,MOK,33,GA11,2019-11-05 18:00:36.664,27.682,9,False
2019-11-05 18:00:09.202,NTK,08,RA19,2019-11-05 18:00:34.585,25.383,15,False
2019-11-05 18:00:09.999,DIH,04,QA17,2019-11-05 18:00:27.530,17.531,6,False
2019-11-05 18:00:10.198,HOM,11,GA12,2019-11-05 18:02:26.624,136.426,117,True
2019-11-05 18:00:10.598,TIK,7115,GA03,2019-11-05 18:00:29.323,18.725,2,False
2019-11-05 18:00:10.975,KOT,06,RA43,2019-11-05 18:00:42.073,31.098,8,False
2019-11-05 18:00:11.194,CHH,15,GA06,2019-11-05 18:00:32.112,20.918,8,False
2019-11-05 18:00:11.991,KOT,14,QA42,2019-11-05 18:00:28.048,16.057,6,False
2019-11-05 18:00:12.190,LOF,10,QA16,2019-11-05 18:01:23.109,70.919,59,True
2019-11-05 18:00:12.589,DIH,05,GA38,2019-11-05 18:01:20.668,68.079,54,True
2019-11-05 18:00:12.666,TIK,7149,GA03,2019-11-05 18:00:33.307,20.641,,False
2019-11-05 18:00:13.168,YAT,7008,QA01,2019-11-05 18:00:42.254,29.086,16,False
2019-11-05 18:00:14.382,CHH,07,GA07,2019-11-05 18:00:34.585,20.203,4,False
2019-11-05 18:00:15.087,KOT,11,GA39,2019-11-05 18:00:39.483,24.396,15,False
2019-11-05 18:00:15.179,LAT,6109,GA04,2019-11-05 18:00:49.841,34.662,33,False
2019-11-05 18:00:15.378,KWT,6006,QA20,2019-11-05 18:00:37.093,21.715,6,False
2019-11-05 18:00:15.577,SKM,17,GA09,2019-11-05 18:00:34.104,18.527,9,False
2019-11-05 18:00:15.777,HOM,10,RA41,2019-11-05 18:01:37.980,82.203,9,False
2019-11-05 18:00:16.773,TIK,7120,RA03,2019-11-05 18:00:41.275,24.502,3,False
2019-11-05 18:00:16.972,DIH,06,QA17,2019-11-05 18:00:46.638,29.666,9,False
2019-11-05 18:00:17.172,YAT,7005,GA36,2019-11-05 18:00:38.250,21.078,20,False
2019-11-05 18:00:17.370,CHH,08,RA45,2019-11-05 18:00:42.072,24.702,5,False
2019-11-05 18:00:18.442,MOK,35,GA11,2019-11-05 18:01:46.551,88.109,10,False
2019-11-05 18:00:18.565,WTS,10,RA44,2019-11-05 18:01:35.261,76.696,64,True
2019-11-05 18:00:18.964,KOT,16,QA42,2019-11-05 18:00:34.585,15.621,7,False
2019-11-05 18:00:19.163,CHH,09B,GA07,2019-11-05 18:00:52.548,33.385,11,False
2019-11-05 18:00:19.562,MOK,38,RA15,2019-11-05 18:01:36.983,77.421,10,False
2019-11-05 18:00:19.760,CHH,17,GA06,2019-11-05 18:00:39.482,19.722,7,False
2019-11-05 18:00:19.960,KOT,08,RA43,2019-11-05 18:01:52.163,92.203,13,False
2019-11-05 18:00:20.686,TIK,7122,RA03,2019-11-05 18:01:51.198,90.512,45,False
2019-11-05 18:00:22.350,KWT,6004,QA20,2019-11-05 18:00:41.275,18.925,6,False
2019-11-05 18:00:23.147,CHH,10,RA45,2019-11-05 18:01:43.628,80.481,63,True
2019-11-05 18:00:23.944,YMT,42,QA14,2019-11-05 18:00:44.028,20.084,8,False
2019-11-05 18:00:24.342,NTK,10,RA19,2019-11-05 18:00:43.068,18.726,8,False
2019-11-05 18:00:24.940,SKM,19,GA09,2019-11-05 18:00:40.478,15.538,5,False
2019-11-05 18:00:24.940,HOM,12,RA41,2019-11-05 18:01:46.417,81.477,62,True
2019-11-05 18:00:26.334,SKM,02,QA42,2019-11-05 18:00:41.474,15.14,4,False
2019-11-05 18:00:26.932,DIH,08,QA17,2019-11-05 18:01:45.540,78.608,12,False
2019-11-05 18:00:27.131,CHH,19,GA06,2019-11-05 18:00:47.663,20.532,7,False
2019-11-05 18:00:28.049,HOM,21,GA40,2019-11-05 18:01:03.189,35.14,21,False
2019-11-05 18:00:28.505,MOK,37,GA11,2019-11-05 18:01:51.596,83.091,66,True
2019-11-05 18:00:28.924,KWT,6002,QA20,2019-11-05 18:00:51.035,22.111,10,False
2019-11-05 18:00:29.722,MOK,40,RA15,2019-11-05 18:01:44.027,74.305,57,True
2019-11-05 18:00:29.920,YAT,7006C,QA01,2019-11-05 18:01:33.269,63.349,8,False
2019-11-05 18:00:30.108,KOT,13,GA39,2019-11-05 18:00:47.052,16.944,8,False
2019-11-05 18:00:30.319,CHH,11,GA07,2019-11-05 18:01:48.529,78.21,63,True
2019-11-05 18:00:30.916,SKM,21,GA09,2019-11-05 18:00:46.057,15.141,7,False
2019-11-05 18:00:31.315,SKM,04,QA42,2019-11-05 18:00:48.049,16.734,7,False
2019-11-05 18:00:32.510,YMT,44,QA14,2019-11-05 18:00:55.618,23.108,12,False
2019-11-05 18:00:33.108,NTK,12,RA19,2019-11-05 18:00:46.057,12.949,2,False
2019-11-05 18:00:33.506,KOT,10,RA43,2019-11-05 18:02:00.562,87.056,75,True
2019-11-05 18:00:34.503,CHH,21,GA06,2019-11-05 18:00:55.618,21.115,9,False
2019-11-05 18:00:35.697,NTK,14,RA19,2019-11-05 18:00:52.232,16.535,6,False
2019-11-05 18:00:38.088,YAT,7007,GA36,2019-11-05 18:01:01.196,23.108,14,False
2019-11-05 18:00:38.250,YAT,7006B,QA01,2019-11-05 18:01:39.175,60.925,0,False
2019-11-05 18:00:38.486,YAT,7006A,QA01,2019-11-05 18:01:44.226,65.74,55,True
2019-11-05 18:00:38.685,KOT,01,GA09,2019-11-05 18:00:52.549,13.864,5,False
2019-11-05 18:00:38.886,KOT,15,GA39,2019-11-05 18:00:53.626,14.74,5,False
2019-11-05 18:00:39.283,DIH,10,QA17,2019-11-05 18:01:54.984,75.701,63,True
2019-11-05 18:00:39.284,SKM,06,QA42,2019-11-05 18:00:55.021,15.737,5,False
2019-11-05 18:00:39.482,NTK,02,QA20,2019-11-05 18:00:58.586,19.104,8,False
2019-11-05 18:00:39.881,KOB,12,QA18,2019-11-05 18:01:00.997,21.116,11,False
2019-11-05 18:00:40.877,KOB,11,GA37,2019-11-05 18:01:06.493,25.616,15,False
2019-11-05 18:00:42.254,KOB,02,RA19,2019-11-05 18:01:03.587,21.333,8,False
2019-11-05 18:00:42.850,LAT,6102,RA46,2019-11-05 18:01:00.200,17.35,3,False
2019-11-05 18:00:43.666,KOB,01,GA06,2019-11-05 18:01:03.587,19.921,6,False
2019-11-05 18:00:44.027,KOT,03,GA09,2019-11-05 18:00:59.006,14.979,5,False
2019-11-05 18:00:44.263,LOF,01,GA39,2019-11-05 18:01:00.002,15.739,6,False
2019-11-05 18:00:44.862,HOM,02,QA14,2019-11-05 18:01:18.926,34.064,21,False
2019-11-05 18:00:45.061,SKM,08,QA42,2019-11-05 18:01:09.563,24.502,6,False
2019-11-05 18:00:46.455,KWT,6016,RA46,2019-11-05 18:01:11.356,24.901,12,False
2019-11-05 18:00:48.049,NTK,04,QA20,2019-11-05 18:01:16.137,28.088,8,False
2019-11-05 18:00:48.845,YAT,7001,GA04,2019-11-05 18:01:17.325,28.48,13,False
2019-11-05 18:00:49.443,YMT,31,GA40,2019-11-05 18:01:15.141,25.698,12,False
2019-11-05 18:00:49.663,KOT,05,GA09,2019-11-05 18:01:06.176,16.513,5,False
2019-11-05 18:00:50.439,LOF,03,GA39,2019-11-05 18:01:06.494,16.055,5,False
2019-11-05 18:00:50.634,KOB,03,GA06,2019-11-05 18:01:12.153,21.519,9,False
2019-11-05 18:00:50.837,KOB,04,RA19,2019-11-05 18:01:13.548,22.711,11,False
2019-11-05 18:00:51.236,SKM,10,QA42,2019-11-05 18:02:10.521,79.285,10,False
2019-11-05 18:00:51.237,KOB,14,QA18,2019-11-05 18:01:09.563,18.326,7,False
2019-11-05 18:00:52.630,YAT,7009,GA36,2019-11-05 18:01:17.325,24.695,17,False
2019-11-05 18:00:55.212,KOT,07,GA09,2019-11-05 18:01:20.668,25.456,7,False
2019-11-05 18:00:56.018,KOB,13,GA37,2019-11-05 18:01:15.141,19.123,9,False
2019-11-05 18:00:56.415,LOF,05,GA39,2019-11-05 18:01:20.668,24.253,6,False
2019-11-05 18:00:57.044,NTK,06,QA20,2019-11-05 18:02:13.112,76.068,60,True
2019-11-05 18:00:58.586,KWT,6014,RA46,2019-11-05 18:01:21.715,23.129,9,False
2019-11-05 18:00:58.807,KOB,16,QA18,2019-11-05 18:01:21.118,22.311,10,False
2019-11-05 18:00:59.802,KOB,05,GA06,2019-11-05 18:01:23.109,23.307,11,False
2019-11-05 18:01:02.167,YMT,33,GA40,2019-11-05 18:01:25.085,22.918,4,False
2019-11-05 18:01:02.192,SKM,12,QA42,2019-11-05 18:02:19.486,77.294,65,True
2019-11-05 18:01:02.391,KOB,06,RA19,2019-11-05 18:01:29.087,26.696,9,False
2019-11-05 18:01:02.650,KOT,09,GA09,2019-11-05 18:02:25.661,83.011,67,True
2019-11-05 18:01:02.791,YAT,7003A,GA04,2019-11-05 18:02:14.306,71.515,2,False
2019-11-05 18:01:02.989,TIK,7110,RA35,2019-11-05 18:01:23.310,20.321,6,False
2019-11-05 18:01:03.188,LOF,07,GA39,2019-11-05 18:02:20.681,77.493,11,False
2019-11-05 18:01:05.373,KOB,15,GA37,2019-11-05 18:01:22.515,17.142,8,False
2019-11-05 18:01:05.779,YAT,7003B,GA04,2019-11-05 18:02:21.081,75.302,2,False
2019-11-05 18:01:05.779,TIK,7120,RA03,2019-11-05 18:02:00.959,55.18,18,False
2019-11-05 18:01:06.692,HOM,04,QA14,2019-11-05 18:01:34.864,28.172,16,False
2019-11-05 18:01:07.153,YMT,35,GA40,2019-11-05 18:02:25.030,77.877,61,True
2019-11-05 18:01:07.502,WTS,07,GA08,2019-11-05 18:01:31.078,23.576,15,False
2019-11-05 18:01:07.571,DIH,07,GA38,2019-11-05 18:01:28.488,20.917,8,False
2019-11-05 18:01:08.368,YAT,7003C,GA04,2019-11-05 18:02:21.112,72.744,4,False
2019-11-05 18:01:08.368,KWT,6012,RA46,2019-11-05 18:01:31.875,23.507,9,False
2019-11-05 18:01:08.965,CHH,02,QA18,2019-11-05 18:01:41.615,32.65,16,False
2019-11-05 18:01:09.762,TIK,7101,GA36,2019-11-05 18:01:49.206,39.444,27,False
2019-11-05 18:01:09.961,TIK,7108,RA35,2019-11-05 18:01:30.282,20.321,14,False
2019-11-05 18:01:11.356,KOB,07,GA06,2019-11-05 18:01:42.027,30.671,12,False
2019-11-05 18:01:12.153,LOF,12,QA16,2019-11-05 18:01:34.027,21.874,11,False
2019-11-05 18:01:12.352,KOB,08,RA19,2019-11-05 18:02:28.052,75.7,12,False
2019-11-05 18:01:12.551,YAT,7003D,GA04,2019-11-05 18:02:25.029,72.478,64,True
2019-11-05 18:01:14.146,NTK,01,GA37,2019-11-05 18:01:28.090,13.944,4,False
2019-11-05 18:01:14.344,KWT,6009,GA05,2019-11-05 18:01:36.855,22.511,8,False
2019-11-05 18:01:14.942,LOF,09,GA39,2019-11-05 18:02:29.609,74.667,64,True
2019-11-05 18:01:15.739,DIH,09,GA38,2019-11-05 18:01:37.452,21.713,10,False
2019-11-05 18:01:18.329,KWT,6010,RA46,2019-11-05 18:01:47.004,28.675,8,False
2019-11-05 18:01:19.125,NTK,03,GA37,2019-11-05 18:01:30.082,10.957,2,False
2019-11-05 18:01:21.317,NTK,05,GA37,2019-11-05 18:01:37.980,16.663,7,False
2019-11-05 18:01:22.515,WTS,09,GA08,2019-11-05 18:01:39.644,17.129,7,False
2019-11-05 18:01:22.890,HOM,06,QA14,2019-11-05 18:01:58.967,36.077,19,False
2019-11-05 18:01:23.110,KWT,6011,GA05,2019-11-05 18:01:41.437,18.327,5,False
2019-11-05 18:01:23.309,LOF,14,QA16,2019-11-05 18:01:45.540,22.231,9,False
2019-11-05 18:01:23.508,WTS,12,RA44,2019-11-05 18:01:44.027,20.519,9,False
2019-11-05 18:01:23.907,KOB,09,GA06,2019-11-05 18:02:46.180,82.273,66,True
2019-11-05 18:01:24.305,TIK,7118,RA03,2019-11-05 18:02:10.322,46.017,14,False
2019-11-05 18:01:24.704,TIK,7106,RA35,2019-11-05 18:01:51.198,26.494,25,False
2019-11-05 18:01:24.902,TIK,7112C,QA02,2019-11-05 18:03:13.273,108.371,8,False
2019-11-05 18:01:25.085,KOB,10,RA19,2019-11-05 18:02:38.012,72.927,61,True
2019-11-05 18:01:25.101,SKM,01,GA10,2019-11-05 18:01:50.583,25.482,12,False
2019-11-05 18:01:25.489,CHH,04,QA18,2019-11-05 18:02:00.561,35.072,20,False
2019-11-05 18:01:25.898,CHH,01,GA38,2019-11-05 18:01:47.004,21.106,6,False
2019-11-05 18:01:26.894,CHH,12,RA45,2019-11-05 18:01:50.202,23.308,10,False
2019-11-05 18:01:27.095,HOM,14,RA41,2019-11-05 18:01:52.163,25.068,8,False
2019-11-05 18:01:27.293,KWT,6008,RA46,2019-11-05 18:02:49.505,82.212,64,True
2019-11-05 18:01:27.691,MOK,42,RA15,2019-11-05 18:01:49.551,21.86,9,False
2019-11-05 18:01:28.290,KWT,6013,GA05,2019-11-05 18:01:51.000,22.71,10,False
2019-11-05 18:01:28.488,NTK,07,GA37,2019-11-05 18:01:51.198,22.71,8,False
2019-11-05 18:01:30.282,WTS,11,GA08,2019-11-05 18:01:47.015,16.733,7,False
2019-11-05 18:01:32.472,KOT,02,QA16,2019-11-05 18:02:01.534,29.062,9,False
2019-11-05 18:01:32.473,CHH,03,GA38,2019-11-05 18:01:57.514,25.041,5,False
2019-11-05 18:01:33.269,WTS,14,RA44,2019-11-05 18:01:51.198,17.929,8,False
2019-11-05 18:01:33.468,TIK,7112B,QA02,2019-11-05 18:03:17.457,103.989,0,False
2019-11-05 18:01:33.867,YAT,7004,QA01,2019-11-05 18:01:47.214,13.347,3,False
2019-11-05 18:01:34.027,TIK,7112A,QA02,2019-11-05 18:03:25.225,111.198,96,True
2019-11-05 18:01:34.066,CHH,13A,GA07,2019-11-05 18:01:57.514,23.448,12,False
2019-11-05 18:01:35.460,MOK,39,GA11,2019-11-05 18:01:57.515,22.055,7,False
2019-11-05 18:01:35.859,HOM,22,RA41,2019-11-05 18:01:58.968,23.109,4,False
2019-11-05 18:01:36.855,MOK,44,RA15,2019-11-05 18:01:54.984,18.129,4,False
2019-11-05 18:01:37.064,CHH,14,RA45,2019-11-05 18:01:56.577,19.513,5,False
2019-11-05 18:01:37.452,NTK,09,GA37,2019-11-05 18:02:50.164,72.712,9,False
2019-11-05 18:01:37.452,YAT,7002,QA01,2019-11-05 18:01:55.446,17.994,13,False
2019-11-05 18:01:37.652,TIK,7103,GA36,2019-11-05 18:02:02.354,24.702,13,False
2019-11-05 18:01:37.851,SKM,03,GA10,2019-11-05 18:01:59.512,21.661,8,False
2019-11-05 18:01:38.065,DIH,01,GA08,2019-11-05 18:01:59.166,21.101,6,False
2019-11-05 18:01:38.449,CHH,05,GA38,2019-11-05 18:02:05.143,26.694,8,False
2019-11-05 18:01:38.847,KWT,6015,GA05,2019-11-05 18:02:01.905,23.058,12,False
2019-11-05 18:01:39.063,TIK,7116,RA03,2019-11-05 18:03:37.178,118.115,19,False
2019-11-05 18:01:40.640,HOM,05,RA41,2019-11-05 18:02:06.339,25.699,2,False
2019-11-05 18:01:41.424,MOK,46,RA15,2019-11-05 18:02:03.549,22.125,10,False
2019-11-05 18:01:41.615,LOF,02,RA44,2019-11-05 18:01:58.569,16.954,5,False
2019-11-05 18:01:42.234,HOM,08,QA14,2019-11-05 18:02:36.220,53.986,30,False
2019-11-05 18:01:42.424,CHH,16,RA45,2019-11-05 18:02:00.561,18.137,4,False
2019-11-05 18:01:42.424,DIH,12,QA17,2019-11-05 18:02:06.139,23.715,11,False
2019-11-05 18:01:42.424,KOT,04,QA16,2019-11-05 18:02:14.107,31.683,14,False
2019-11-05 18:01:43.230,MOK,41,GA11,2019-11-05 18:02:02.548,19.318,6,False
2019-11-05 18:01:43.429,HOM,03,RA41,2019-11-05 18:05:27.543,224.114,,False
2019-11-05 18:01:44.227,DIH,03,GA08,2019-11-05 18:02:58.133,73.906,9,False
2019-11-05 18:01:45.819,CHH,06,QA18,2019-11-05 18:02:12.493,26.674,11,False
2019-11-05 18:01:46.417,SKM,05,GA10,2019-11-05 18:02:08.089,21.672,8,False
2019-11-05 18:01:46.551,CHH,07,GA38,2019-11-05 18:02:08.529,21.978,5,False
2019-11-05 18:01:46.616,CHH,15,GA07,2019-11-05 18:02:05.143,18.527,7,False
2019-11-05 18:01:47.214,CHH,18,RA45,2019-11-05 18:02:05.143,17.929,4,False
2019-11-05 18:01:47.413,NTK,11,GA37,2019-11-05 18:03:00.125,72.712,59,True
2019-11-05 18:01:47.413,LOF,04,RA44,2019-11-05 18:02:05.541,18.128,7,False
2019-11-05 18:01:49.405,MOK,43,GA11,2019-11-05 18:02:07.475,18.07,5,False
2019-11-05 18:01:49.406,KOT,12,RA43,2019-11-05 18:02:10.123,20.717,11,False
2019-11-05 18:01:50.202,TIK,7104,RA35,2019-11-05 18:02:02.354,12.152,5,False
2019-11-05 18:01:50.999,LAT,6112,QA01,2019-11-05 18:02:25.263,34.264,25,False
2019-11-05 18:01:51.397,LAT,6101,GA05,2019-11-05 18:02:03.350,11.953,4,False
2019-11-05 18:01:51.398,TIK,7105,GA36,2019-11-05 18:02:10.322,18.924,7,False
2019-11-05 18:01:51.551,CHH,20,RA45,2019-11-05 18:02:10.123,18.572,6,False
2019-11-05 18:01:51.551,YMT,32,RA15,2019-11-05 18:02:11.119,19.568,6,False
2019-11-05 18:01:51.797,CHH,09B,GA38,2019-11-05 18:02:26.060,34.263,13,False
2019-11-05 18:01:53.589,WTS,02,QA17,2019-11-05 18:02:16.099,22.51,9,False
2019-11-05 18:01:53.987,DIH,05,GA08,2019-11-05 18:03:07.496,73.509,60,True
2019-11-05 18:01:54.186,CHH,17,GA07,2019-11-05 18:02:11.517,17.331,6,False
2019-11-05 18:01:54.585,MOK,45,GA11,2019-11-05 18:02:27.032,32.447,11,False
2019-11-05 18:01:54.746,SKM,07,GA10,2019-11-05 18:02:16.662,21.916,9,False
2019-11-05 18:01:54.746,LOF,06,RA44,2019-11-05 18:02:20.681,25.935,8,False
2019-11-05 18:01:55.582,LAT,6103,GA05,2019-11-05 18:02:21.112,25.53,8,False
2019-11-05 18:01:55.780,TIK,7102,RA35,2019-11-05 18:02:12.314,16.534,8,False
2019-11-05 18:01:56.975,KOT,06,QA16,2019-11-05 18:02:29.048,32.073,11,False
2019-11-05 18:01:57.088,CHH,08,QA18,2019-11-05 18:02:25.029,27.941,6,False
2019-11-05 18:01:57.772,NTK,08,QA20,2019-11-05 18:02:22.474,24.702,14,False
2019-11-05 18:01:57.953,YMT,34,RA15,2019-11-05 18:02:12.514,14.561,2,False
2019-11-05 18:01:57.971,DIH,02,RA45,2019-11-05 18:02:17.693,19.722,8,False
2019-11-05 18:01:58.570,TIK,7107,GA36,2019-11-05 18:02:21.112,22.542,5,False
2019-11-05 18:01:58.769,TIK,7114,RA03,2019-11-05 18:03:52.318,113.549,97,False
2019-11-05 18:02:00.163,YMT,36,RA15,2019-11-05 18:02:20.052,19.889,4,False
2019-11-05 18:02:01.101,KOT,14,RA43,2019-11-05 18:02:17.095,15.994,7,False
2019-11-05 18:02:01.159,CHH,19,GA07,2019-11-05 18:02:18.626,17.467,7,False
2019-11-05 18:02:02.741,WTS,04,QA17,2019-11-05 18:02:24.466,21.725,8,False
2019-11-05 18:02:03.151,LOF,08,RA44,2019-11-05 18:03:19.648,76.497,10,False
2019-11-05 18:02:03.152,CHH,10,QA18,2019-11-05 18:03:19.648,76.496,58,True
2019-11-05 18:02:03.749,SKM,09,GA10,2019-11-05 18:02:21.677,17.928,3,False
2019-11-05 18:02:04.120,TIK,7109A,GA36,2019-11-05 18:03:25.225,81.105,12,False
2019-11-05 18:02:04.545,LAT,6105,GA05,2019-11-05 18:03:23.233,78.688,64,True
2019-11-05 18:02:04.702,YAT,7012,RA35,2019-11-05 18:02:33.231,28.529,21,False
2019-11-05 18:02:04.881,YMT,38,RA15,2019-11-05 18:02:27.654,22.773,3,False
2019-11-05 18:02:04.882,CHH,11,GA38,2019-11-05 18:03:21.042,76.16,61,True
2019-11-05 18:02:05.940,MOK,47,GA11,2019-11-05 18:03:44.510,98.57,80,True
2019-11-05 18:02:06.339,DIH,04,RA45,2019-11-05 18:02:24.021,17.682,7,False
2019-11-05 18:02:07.474,HOM,13,GA12,2019-11-05 18:02:30.642,23.168,6,False
2019-11-05 18:02:07.533,SKM,11,GA10,2019-11-05 18:02:29.610,22.077,4,False
2019-11-05 18:02:07.932,YMT,40,RA15,2019-11-05 18:03:27.616,79.684,63,True
2019-11-05 18:02:08.131,SKM,14,QA42,2019-11-05 18:02:25.661,17.53,6,False
2019-11-05 18:02:08.331,CHH,21,GA07,2019-11-05 18:02:26.060,17.729,7,False
2019-11-05 18:02:08.530,YMT,37,GA40,2019-11-05 18:02:29.049,20.519,6,False
2019-11-05 18:02:08.729,KOT,08,QA16,2019-11-05 18:03:30.007,81.278,12,False
2019-11-05 18:02:08.928,KOT,16,RA43,2019-11-05 18:02:23.669,14.741,6,False
2019-11-05 18:02:09.924,KOT,11,GA09,2019-11-05 18:02:34.028,24.104,15,False
2019-11-05 18:02:11.717,WTS,06,QA17,2019-11-05 18:02:39.010,27.293,7,False
2019-11-05 18:02:11.916,NTK,10,QA20,2019-11-05 18:02:31.040,19.124,10,False
2019-11-05 18:02:12.493,HOM,10,QA14,2019-11-05 18:04:28.575,136.082,10,False
2019-11-05 18:02:12.493,SKM,13,GA10,2019-11-05 18:03:25.991,73.498,57,True
2019-11-05 18:02:13.510,LOF,10,RA44,2019-11-05 18:03:28.014,74.504,63,True
2019-11-05 18:02:13.908,DIH,06,RA45,2019-11-05 18:02:43.192,29.284,9,False
2019-11-05 18:02:13.909,HOM,15,GA12,2019-11-05 18:02:42.197,28.288,14,False
2019-11-05 18:02:14.705,SKM,16,QA42,2019-11-05 18:02:29.049,14.344,3,False
2019-11-05 18:02:15.103,YMT,39,GA40,2019-11-05 18:02:35.622,20.519,7,False
2019-11-05 18:02:15.302,SKM,02,RA43,2019-11-05 18:02:30.606,15.304,5,False
2019-11-05 18:02:15.503,KOB,01,GA07,2019-11-05 18:02:33.033,17.53,5,False
2019-11-05 18:02:16.662,LAT,6110,QA01,2019-11-05 18:02:43.192,26.53,14,False
2019-11-05 18:02:16.697,TIK,7109B,GA36,2019-11-05 18:03:29.210,72.513,0,False
2019-11-05 18:02:16.697,YAT,7005,GA04,2019-11-05 18:02:29.247,12.55,3,False
2019-11-05 18:02:17.295,TIK,7109C,GA36,2019-11-05 18:03:35.187,77.892,65,True
2019-11-05 18:02:18.626,SKM,18,QA42,2019-11-05 18:02:37.614,18.988,8,False
2019-11-05 18:02:19.287,LOF,11,GA39,2019-11-05 18:02:38.610,19.323,10,False
2019-11-05 18:02:19.486,WTS,08,QA17,2019-11-05 18:03:33.194,73.708,12,False
2019-11-05 18:02:19.884,YAT,7007,GA04,2019-11-05 18:02:52.356,32.472,27,False
2019-11-05 18:02:21.081,SKM,04,RA43,2019-11-05 18:02:37.016,15.935,6,False
2019-11-05 18:02:21.279,KOT,10,QA16,2019-11-05 18:03:38.574,77.295,65,True
2019-11-05 18:02:21.479,KOB,03,GA07,2019-11-05 18:02:44.985,23.506,8,False
2019-11-05 18:02:22.062,NTK,12,QA20,2019-11-05 18:02:34.029,11.967,3,False
2019-11-05 18:02:22.673,HOM,12,QA14,2019-11-05 18:04:35.149,132.476,115,True
2019-11-05 18:02:22.872,YMT,41,GA40,2019-11-05 18:02:44.552,21.68,9,False
2019-11-05 18:02:23.272,DIH,08,RA45,2019-11-05 18:03:34.190,70.918,11,False
2019-11-05 18:02:25.064,KOT,13,GA09,2019-11-05 18:02:41.576,16.512,7,False
2019-11-05 18:02:25.263,NTK,14,QA20,2019-11-05 18:02:40.006,14.743,5,False
2019-11-05 18:02:26.060,YAT,7010,RA35,2019-11-05 18:02:51.160,25.1,14,False
2019-11-05 18:02:26.625,KOB,12,RA19,2019-11-05 18:02:47.176,20.551,10,False
2019-11-05 18:02:27.056,SKM,20,QA42,2019-11-05 18:02:51.160,24.104,9,False
2019-11-05 18:02:27.255,SKM,06,RA43,2019-11-05 18:02:45.582,18.327,6,False
2019-11-05 18:02:28.622,HOM,17,GA12,2019-11-05 18:03:02.117,33.495,22,False
2019-11-05 18:02:29.609,KOB,05,GA07,2019-11-05 18:03:02.516,32.907,13,False
2019-11-05 18:02:30.044,LOF,13,GA39,2019-11-05 18:02:47.176,17.132,7,False
2019-11-05 18:02:30.463,KOB,11,GA06,2019-11-05 18:02:56.141,25.678,14,False
2019-11-05 18:02:30.606,KOB,02,QA20,2019-11-05 18:02:51.559,20.953,8,False
2019-11-05 18:02:31.423,LAT,6108,QA01,2019-11-05 18:02:57.138,25.715,4,False
2019-11-05 18:02:31.439,KWT,6006,RA46,2019-11-05 18:02:54.846,23.407,7,False
2019-11-05 18:02:32.003,MOK,31,GA40,2019-11-05 18:02:52.953,20.95,7,False
2019-11-05 18:02:32.003,WTS,10,QA17,2019-11-05 18:03:42.486,70.483,58,True
2019-11-05 18:02:32.435,KOT,15,GA09,2019-11-05 18:02:48.172,15.737,6,False
2019-11-05 18:02:33.829,SKM,08,RA43,2019-11-05 18:03:01.519,27.69,7,False
2019-11-05 18:02:34.427,DIH,10,RA45,2019-11-05 18:03:43.554,69.127,56,True
2019-11-05 18:02:35.821,LAT,6106,QA01,2019-11-05 18:03:47.087,71.266,6,False
2019-11-05 18:02:36.221,SKM,22A,QA42,2019-11-05 18:02:57.137,20.916,2,False
2019-11-05 18:02:37.217,KOB,14,RA19,2019-11-05 18:02:55.145,17.928,7,False
2019-11-05 18:02:37.813,WTS,01,GA39,2019-11-05 18:02:56.539,18.726,9,False
2019-11-05 18:02:38.809,KWT,6004,RA46,2019-11-05 18:02:57.931,19.122,6,False
2019-11-05 18:02:39.010,SKM,22B,QA42,2019-11-05 18:03:52.518,73.508,4,False
2019-11-05 18:02:39.208,LOF,01,GA09,2019-11-05 18:02:54.150,14.942,5,False
2019-11-05 18:02:39.407,KOB,04,QA20,2019-11-05 18:03:01.519,22.112,10,False
2019-11-05 18:02:39.801,MOK,33,GA40,2019-11-05 18:03:07.496,27.695,9,False
2019-11-05 18:02:40.383,YAT,7008,RA35,2019-11-05 18:03:05.304,24.921,19,False
2019-11-05 18:02:41.576,SKM,10,RA43,2019-11-05 18:03:56.066,74.49,11,False
2019-11-05 18:02:42.574,LAT,6104,QA01,2019-11-05 18:03:54.310,71.736,59,True
2019-11-05 18:02:43.586,SKM,22C,QA42,2019-11-05 18:03:57.099,73.513,4,False
2019-11-05 18:02:43.586,KOB,07,GA07,2019-11-05 18:03:24.031,40.445,19,False
2019-11-05 18:02:44.684,LOF,03,GA09,2019-11-05 18:03:01.121,16.437,5,False
2019-11-05 18:02:44.786,KOB,13,GA06,2019-11-05 18:03:05.106,20.32,10,False
2019-11-05 18:02:44.787,KOB,16,RA19,2019-11-05 18:03:05.106,20.319,10,False
2019-11-05 18:02:45.582,KWT,6002,RA46,2019-11-05 18:03:07.407,21.825,11,False
2019-11-05 18:02:46.963,WTS,03,GA39,2019-11-05 18:03:13.075,26.112,6,False
2019-11-05 18:02:47.375,NTK,13,GA37,2019-11-05 18:03:08.493,21.118,11,False
2019-11-05 18:02:47.575,YAT,7009,GA04,2019-11-05 18:03:08.230,20.655,12,False
2019-11-05 18:02:47.775,MOK,32A,QA42,2019-11-05 18:04:02.080,74.305,58,True
2019-11-05 18:02:49.505,MOK,35,GA40,2019-11-05 18:04:00.646,71.141,10,False
2019-11-05 18:02:49.567,KOB,06,QA20,2019-11-05 18:03:17.058,27.491,10,False
2019-11-05 18:02:50.563,LOF,05,GA09,2019-11-05 18:03:15.067,24.504,6,False
2019-11-05 18:02:50.961,HOM,19,GA12,2019-11-05 18:03:24.030,33.069,20,False
2019-11-05 18:02:53.152,SKM,12,RA43,2019-11-05 18:04:05.069,71.917,60,True
2019-11-05 18:02:53.552,WTS,05,GA39,2019-11-05 18:04:10.646,77.094,61,True
2019-11-05 18:02:54.150,DIH,07,GA08,2019-11-05 18:03:15.663,21.513,8,False
2019-11-05 18:02:54.847,CHH,02,RA19,2019-11-05 18:03:24.590,29.743,14,False
2019-11-05 18:02:55.543,KOB,15,GA06,2019-11-05 18:03:13.075,17.532,7,False
2019-11-05 18:02:56.630,NTK,02,RA46,2019-11-05 18:03:14.071,17.441,8,False
2019-11-05 18:02:57.336,LOF,07,GA09,2019-11-05 18:04:05.467,68.131,10,False
2019-11-05 18:02:57.932,WHA,04,GA13,2019-11-05 18:03:23.633,25.701,12,False
2019-11-05 18:02:58.531,NTK,15,GA37,2019-11-05 18:03:17.655,19.124,9,False
2019-11-05 18:02:59.527,MOK,37,GA40,2019-11-05 18:04:05.069,65.542,50,True
2019-11-05 18:02:59.727,YAT,7006C,RA35,2019-11-05 18:04:03.276,63.549,0,False
2019-11-05 18:02:59.926,YAT,7006B,RA35,2019-11-05 18:04:07.268,67.342,0,False
2019-11-05 18:02:59.926,TIK,7101,GA04,2019-11-05 18:03:41.128,41.202,35,False
2019-11-05 18:03:00.125,YAT,7006A,RA35,2019-11-05 18:04:13.236,73.111,59,True
2019-11-05 18:03:00.126,KOB,08,QA20,2019-11-05 18:04:48.695,108.569,12,False
2019-11-05 18:03:01.908,CHH,12,QA18,2019-11-05 18:03:25.026,23.118,10,False
2019-11-05 18:03:02.914,DIH,09,GA08,2019-11-05 18:03:25.624,22.71,10,False
2019-11-05 18:03:03.312,KOB,09,GA07,2019-11-05 18:04:22.001,78.689,64,True
2019-11-05 18:03:03.511,NTK,01,GA06,2019-11-05 18:03:19.050,15.539,6,False
2019-11-05 18:03:04.906,NTK,04,RA46,2019-11-05 18:03:29.010,24.104,7,False
2019-11-05 18:03:06.102,CHH,13A,GA38,2019-11-05 18:03:30.605,24.503,13,False
2019-11-05 18:03:07.894,KWT,6001,GA37,2019-11-05 18:03:27.815,19.921,7,False
2019-11-05 18:03:08.293,LOF,09,GA09,2019-11-05 18:04:15.029,66.736,55,True
2019-11-05 18:03:08.770,LAT,6107,GA05,2019-11-05 18:03:31.202,22.432,10,False
2019-11-05 18:03:09.687,CHH,04,RA19,2019-11-05 18:03:39.537,29.85,18,False
2019-11-05 18:03:09.886,NTK,03,GA06,2019-11-05 18:03:21.640,11.754,1,False
2019-11-05 18:03:10.085,WHA,02,GA13,2019-11-05 18:03:34.389,24.304,6,False
2019-11-05 18:03:10.086,SKM,15,GA10,2019-11-05 18:03:33.592,23.506,13,False
2019-11-05 18:03:10.285,TIK,7110,QA02,2019-11-05 18:03:33.194,22.909,9,False
2019-11-05 18:03:11.063,YMT,42,RA15,2019-11-05 18:03:32.198,21.135,8,False
2019-11-05 18:03:11.063,NTK,05,GA06,2019-11-05 18:03:30.007,18.944,9,False
2019-11-05 18:03:11.878,HOM,21,GA12,2019-11-05 18:03:46.541,34.663,21,False
2019-11-05 18:03:12.277,CHH,14,QA18,2019-11-05 18:03:31.003,18.726,5,False
2019-11-05 18:03:12.476,NTK,06,RA46,2019-11-05 18:04:55.062,102.586,86,True
2019-11-05 18:03:13.074,KOB,10,QA20,2019-11-05 18:04:58.663,105.589,93,True
2019-11-05 18:03:13.872,CHH,01,GA08,2019-11-05 18:03:32.596,18.724,6,False
2019-11-05 18:03:15.066,KWT,6003,GA37,2019-11-05 18:03:32.199,17.133,3,False
2019-11-05 18:03:16.619,LOF,12,RA44,2019-11-05 18:03:36.979,20.36,11,False
2019-11-05 18:03:16.874,HOM,20,GA13,2019-11-05 18:03:52.916,36.042,18,False
2019-11-05 18:03:18.187,CHH,16,QA18,2019-11-05 18:03:35.584,17.397,4,False
2019-11-05 18:03:18.188,KWT,6005,GA37,2019-11-05 18:03:43.354,25.166,5,False
2019-11-05 18:03:19.250,LAT,6109,GA05,2019-11-05 18:03:51.124,31.874,26,False
2019-11-05 18:03:19.448,TIK,7108,QA02,2019-11-05 18:03:41.128,21.68,16,False
2019-11-05 18:03:19.649,YMT,44,RA15,2019-11-05 18:03:43.154,23.505,13,False
2019-11-05 18:03:19.847,CHH,15,GA38,2019-11-05 18:03:38.573,18.726,7,False
2019-11-05 18:03:20.635,NTK,07,GA06,2019-11-05 18:03:42.486,21.851,8,False
2019-11-05 18:03:20.843,CHH,03,GA08,2019-11-05 18:03:38.573,17.73,4,False
2019-11-05 18:03:22.188,CHH,18,QA18,2019-11-05 18:03:39.537,17.349,4,False
2019-11-05 18:03:22.835,TIK,7111,GA36,2019-11-05 18:03:43.317,20.482,13,False
2019-11-05 18:03:23.233,SKM,17,GA10,2019-11-05 18:03:42.158,18.925,10,False
2019-11-05 18:03:23.831,KWT,6007,GA37,2019-11-05 18:04:44.910,81.079,62,True
2019-11-05 18:03:25.625,CHH,05,GA08,2019-11-05 18:03:44.510,18.885,6,False
2019-11-05 18:03:26.421,CHH,20,QA18,2019-11-05 18:03:44.510,18.089,5,False
2019-11-05 18:03:26.819,SKM,01,GA11,2019-11-05 18:03:53.101,26.282,12,False
2019-11-05 18:03:26.820,KOT,12,QA16,2019-11-05 18:03:48.135,21.315,12,False
2019-11-05 18:03:27.018,CHH,17,GA38,2019-11-05 18:03:45.147,18.129,7,False
2019-11-05 18:03:28.214,CHH,06,RA19,2019-11-05 18:03:50.724,22.51,8,False
2019-11-05 18:03:28.511,LOF,14,RA44,2019-11-05 18:03:46.143,17.632,8,False
2019-11-05 18:03:28.726,NTK,09,GA06,2019-11-05 18:04:41.125,72.399,9,False
2019-11-05 18:03:30.207,WTS,12,QA17,2019-11-05 18:03:51.123,20.916,10,False
2019-11-05 18:03:31.003,DIH,12,RA45,2019-11-05 18:03:54.509,23.506,11,False
2019-11-05 18:03:32.198,CHH,07,GA08,2019-11-05 18:03:47.087,14.889,2,False
2019-11-05 18:03:32.198,DIH,02,QA18,2019-11-05 18:03:53.101,20.903,8,False
2019-11-05 18:03:32.996,YMT,31,GA12,2019-11-05 18:03:57.697,24.701,12,False
2019-11-05 18:03:33.195,HOM,02,RA15,2019-11-05 18:04:05.267,32.072,21,False
2019-11-05 18:03:33.393,SKM,19,GA10,2019-11-05 18:03:48.534,15.141,6,False
2019-11-05 18:03:34.190,CHH,19,GA38,2019-11-05 18:03:52.119,17.929,7,False
2019-11-05 18:03:34.987,CHH,09B,GA08,2019-11-05 18:04:04.037,29.05,8,False
2019-11-05 18:03:35.385,HOM,18,GA13,2019-11-05 18:03:57.896,22.511,5,False
2019-11-05 18:03:35.784,TIK,7103,GA04,2019-11-05 18:03:53.282,17.498,6,False
2019-11-05 18:03:35.983,TIK,7106,QA02,2019-11-05 18:04:00.288,24.305,14,False
2019-11-05 18:03:36.182,TIK,7113,GA36,2019-11-05 18:03:54.310,18.128,6,False
2019-11-05 18:03:36.183,TIK,7112C,RA03,2019-11-05 18:05:27.144,110.961,0,False
2019-11-05 18:03:36.509,TIK,7112B,RA03,2019-11-05 18:05:32.302,115.793,8,False
2019-11-05 18:03:36.580,KOT,02,RA44,2019-11-05 18:03:55.506,18.926,7,False
2019-11-05 18:03:36.780,CHH,08,RA19,2019-11-05 18:04:02.079,25.299,4,False
2019-11-05 18:03:38.573,NTK,11,GA06,2019-11-05 18:04:51.485,72.912,60,True
2019-11-05 18:03:39.171,KOT,14,QA16,2019-11-05 18:03:55.107,15.936,7,False
2019-11-05 18:03:39.536,SKM,03,GA11,2019-11-05 18:04:01.665,22.129,8,False
2019-11-05 18:03:39.569,SKM,21,GA10,2019-11-05 18:03:54.510,14.941,7,False
2019-11-05 18:03:40.366,WTS,14,QA17,2019-11-05 18:03:58.095,17.729,7,False
2019-11-05 18:03:40.565,HOM,22,GA13,2019-11-05 18:04:03.076,22.511,5,False
2019-11-05 18:03:40.963,DIH,04,QA18,2019-11-05 18:04:01.083,20.12,6,False
2019-11-05 18:03:41.561,CHH,21,GA38,2019-11-05 18:03:59.091,17.53,7,False
2019-11-05 18:03:41.562,CHH,10,RA19,2019-11-05 18:04:58.663,77.101,60,True
2019-11-05 18:03:42.159,WTS,02,RA45,2019-11-05 18:04:04.669,22.51,9,False
2019-11-05 18:03:42.486,LAT,6102,QA01,2019-11-05 18:03:59.091,16.605,3,False
2019-11-05 18:03:42.557,TIK,7105,GA04,2019-11-05 18:04:03.275,20.718,6,False
2019-11-05 18:03:42.557,TIK,7115,GA36,2019-11-05 18:03:58.294,15.737,2,False
2019-11-05 18:03:43.752,CHH,11,GA08,2019-11-05 18:05:01.046,77.294,62,True
2019-11-05 18:03:44.321,KOT,04,RA44,2019-11-05 18:04:04.669,20.348,8,False
2019-11-05 18:03:44.748,TIK,7149,GA36,2019-11-05 18:04:03.275,18.527,2,False
2019-11-05 18:03:45.148,TIK,7112A,RA03,2019-11-05 18:05:40.292,115.144,114,True
2019-11-05 18:03:45.347,YAT,7001,GA05,2019-11-05 18:04:15.178,29.831,22,False
2019-11-05 18:03:45.545,YMT,33,GA12,2019-11-05 18:04:07.458,21.913,3,False
2019-11-05 18:03:45.744,HOM,07,GA13,2019-11-05 18:04:11.263,25.519,4,False
2019-11-05 18:03:46.342,KWT,6016,QA01,2019-11-05 18:04:10.442,24.1,11,False
2019-11-05 18:03:46.630,MOK,32B,QA42,2019-11-05 18:04:05.068,18.438,6,False
2019-11-05 18:03:46.935,KOT,01,GA10,2019-11-05 18:04:00.646,13.711,5,False
2019-11-05 18:03:47.087,KOT,16,QA16,2019-11-05 18:04:02.643,15.556,6,False
2019-11-05 18:03:47.087,TIK,7120,GA36,2019-11-05 18:04:13.037,25.95,,False
2019-11-05 18:03:47.683,SKM,05,GA11,2019-11-05 18:04:10.048,22.365,9,False
2019-11-05 18:03:47.922,DIH,06,QA18,2019-11-05 18:04:20.606,32.684,12,False
2019-11-05 18:03:48.334,LOF,02,QA17,2019-11-05 18:04:05.467,17.133,5,False
2019-11-05 18:03:48.932,TIK,7107,GA04,2019-11-05 18:04:13.036,24.104,7,False
2019-11-05 18:03:49.330,TIK,7122,QA36,2019-11-05 18:04:51.085,61.755,44,False
2019-11-05 18:03:49.331,KOB,01,GA38,2019-11-05 18:04:06.462,17.131,6,False
2019-11-05 18:03:49.530,YMT,35,GA12,2019-11-05 18:05:11.206,81.676,64,True
2019-11-05 18:03:49.728,MOK,39,GA40,2019-11-05 18:04:10.646,20.918,7,False
2019-11-05 18:03:50.526,HOM,09,GA13,2019-11-05 18:04:55.269,64.743,8,False
2019-11-05 18:03:50.924,TIK,7104,QA02,2019-11-05 18:04:13.236,22.312,17,False
2019-11-05 18:03:51.522,WTS,04,RA45,2019-11-05 18:04:13.036,21.514,8,False
2019-11-05 18:03:52.120,KOT,03,GA10,2019-11-05 18:04:07.061,14.941,5,False
2019-11-05 18:03:52.518,KOT,06,RA44,2019-11-05 18:04:19.212,26.694,7,False
2019-11-05 18:03:53.115,MOK,34A,QA42,2019-11-05 18:04:10.048,16.933,5,False
2019-11-05 18:03:53.283,SKM,02,QA16,2019-11-05 18:04:10.646,17.363,6,False
2019-11-05 18:03:53.475,SKM,14,RA43,2019-11-05 18:04:11.044,17.569,6,False
2019-11-05 18:03:54.244,HOM,04,RA15,2019-11-05 18:04:21.005,26.761,14,False
2019-11-05 18:03:54.310,LOF,04,QA17,2019-11-05 18:04:12.638,18.328,7,False
2019-11-05 18:03:55.306,WTS,07,GA39,2019-11-05 18:04:19.212,23.906,14,False
2019-11-05 18:03:55.489,KOB,03,GA38,2019-11-05 18:04:18.614,23.125,7,False
2019-11-05 18:03:56.659,TIK,7109A,GA04,2019-11-05 18:05:09.214,72.555,11,False
2019-11-05 18:03:57.099,MOK,41,GA40,2019-11-05 18:04:15.029,17.93,4,False
2019-11-05 18:03:57.298,SKM,07,GA11,2019-11-05 18:04:18.614,21.316,8,False
2019-11-05 18:03:58.095,KOT,05,GA10,2019-11-05 18:04:13.634,15.539,5,False
2019-11-05 18:03:58.240,KWT,6014,QA01,2019-11-05 18:04:21.005,22.765,10,False
2019-11-05 18:03:58.833,MOK,34B,QA42,2019-11-05 18:04:14.623,15.79,5,False
2019-11-05 18:03:58.892,HOM,11,GA13,2019-11-05 18:05:04.433,65.541,46,True
2019-11-05 18:03:59.491,SKM,04,QA16,2019-11-05 18:04:18.614,19.123,7,False
2019-11-05 18:03:59.689,YAT,7004,RA35,2019-11-05 18:04:17.220,17.531,8,False
2019-11-05 18:03:59.888,SKM,16,RA43,2019-11-05 18:04:15.029,15.141,4,False
2019-11-05 18:04:00.087,WTS,06,RA45,2019-11-05 18:04:26.982,26.895,8,False
2019-11-05 18:04:00.087,KOT,08,RA44,2019-11-05 18:05:23.558,83.471,11,False
2019-11-05 18:04:00.685,DIH,08,QA18,2019-11-05 18:05:08.616,67.931,11,False
2019-11-05 18:04:01.666,LOF,06,QA17,2019-11-05 18:04:28.176,26.51,7,False
2019-11-05 18:04:01.880,MOK,43,GA40,2019-11-05 18:04:20.169,18.289,5,False
2019-11-05 18:04:02.677,KOB,05,GA38,2019-11-05 18:04:37.539,34.862,15,False
2019-11-05 18:04:03.276,KOT,07,GA10,2019-11-05 18:04:26.981,23.705,7,False
2019-11-05 18:04:04.036,SKM,18,RA43,2019-11-05 18:04:24.590,20.554,8,False
2019-11-05 18:04:04.271,LOF,11,GA09,2019-11-05 18:04:24.590,20.319,11,False
2019-11-05 18:04:04.670,MOK,36,QA42,2019-11-05 18:04:34.519,29.849,10,False
2019-11-05 18:04:05.665,SKM,09,GA11,2019-11-05 18:04:22.997,17.332,3,False
2019-11-05 18:04:07.061,SKM,06,QA16,2019-11-05 18:04:27.578,20.517,8,False
2019-11-05 18:04:07.458,KOB,11,GA07,2019-11-05 18:04:31.489,24.031,13,False
2019-11-05 18:04:07.657,MOK,45,GA40,2019-11-05 18:04:39.087,31.43,10,False
2019-11-05 18:04:08.056,YAT,7003A,GA05,2019-11-05 18:05:13.199,65.143,0,False
2019-11-05 18:04:08.057,TIK,7109B,GA04,2019-11-05 18:05:15.191,67.134,0,False
2019-11-05 18:04:08.263,TIK,7102,QA02,2019-11-05 18:04:21.204,12.941,6,False
2019-11-05 18:04:08.454,YAT,7003B,GA05,2019-11-05 18:05:19.175,70.721,0,False
2019-11-05 18:04:08.627,YAT,7002,RA35,2019-11-05 18:04:23.196,14.569,4,False
2019-11-05 18:04:08.627,YAT,7003C,GA05,2019-11-05 18:05:21.168,72.541,4,False
2019-11-05 18:04:08.853,TIK,7109C,GA04,2019-11-05 18:05:24.355,75.502,58,True
2019-11-05 18:04:08.980,KWT,6012,QA01,2019-11-05 18:04:30.952,21.972,9,False
2019-11-05 18:04:08.981,WTS,08,RA45,2019-11-05 18:05:21.965,72.984,12,False
2019-11-05 18:04:09.052,HOM,06,RA15,2019-11-05 18:04:42.918,33.866,18,False
2019-11-05 18:04:09.451,SKM,11,GA11,2019-11-05 18:04:31.489,22.038,4,False
2019-11-05 18:04:09.649,LOF,08,QA17,2019-11-05 18:05:23.558,73.909,11,False
2019-11-05 18:04:10.262,WTS,09,GA39,2019-11-05 18:04:27.578,17.316,8,False
2019-11-05 18:04:10.646,KOT,09,GA10,2019-11-05 18:05:38.101,87.455,72,True
2019-11-05 18:04:11.642,KOT,10,RA44,2019-11-05 18:05:32.124,80.482,68,True
2019-11-05 18:04:12.031,DIH,10,QA18,2019-11-05 18:05:16.984,64.953,52,True
2019-11-05 18:04:12.438,SKM,20,RA43,2019-11-05 18:04:38.137,25.699,11,False
2019-11-05 18:04:12.639,LAT,6112,RA35,2019-11-05 18:04:54.273,41.634,24,False
2019-11-05 18:04:12.837,YAT,7003D,GA05,2019-11-05 18:05:24.355,71.518,57,True
2019-11-05 18:04:13.634,SKM,13,GA11,2019-11-05 18:05:32.722,79.088,62,True
2019-11-05 18:04:15.029,YAT,7012,QA02,2019-11-05 18:04:44.306,29.277,18,False
2019-11-05 18:04:15.179,MOK,38,QA42,2019-11-05 18:05:28.538,73.359,10,False
2019-11-05 18:04:15.227,SKM,08,QA16,2019-11-05 18:04:42.121,26.894,7,False
2019-11-05 18:04:15.626,LOF,13,GA09,2019-11-05 18:04:33.542,17.916,7,False
2019-11-05 18:04:17.789,KOB,07,GA38,2019-11-05 18:04:59.663,41.874,20,False
2019-11-05 18:04:18.016,KWT,6010,QA01,2019-11-05 18:04:46.304,28.288,8,False
2019-11-05 18:04:18.016,HOM,14,QA14,2019-11-05 18:04:40.328,22.312,8,False
2019-11-05 18:04:18.415,MOK,47,GA40,2019-11-05 18:05:41.033,82.618,65,True
2019-11-05 18:04:18.615,WTS,11,GA39,2019-11-05 18:04:35.547,16.932,6,False
2019-11-05 18:04:20.806,LOF,10,QA17,2019-11-05 18:05:32.523,71.717,59,True
2019-11-05 18:04:21.005,WTS,10,RA45,2019-11-05 18:05:31.128,70.123,58,True
2019-11-05 18:04:21.005,KOB,13,GA07,2019-11-05 18:04:40.129,19.124,9,False
2019-11-05 18:04:22.797,SKM,10,QA16,2019-11-05 18:05:35.113,72.316,12,False
2019-11-05 18:04:23.395,WTS,01,GA09,2019-11-05 18:04:43.117,19.722,10,False
2019-11-05 18:04:23.993,SKM,22A,RA43,2019-11-05 18:04:44.113,20.12,2,False
2019-11-05 18:04:25.387,DIH,01,GA39,2019-11-05 18:04:47.699,22.312,6,False
2019-11-05 18:04:25.978,MOK,40,QA42,2019-11-05 18:05:35.512,69.534,53,True
2019-11-05 18:04:26.424,KWT,6009,GA37,2019-11-05 18:04:49.441,23.017,8,False
2019-11-05 18:04:26.582,SKM,22B,RA43,2019-11-05 18:05:53.584,87.002,3,False
2019-11-05 18:04:26.582,KWT,6008,QA01,2019-11-05 18:05:47.264,80.682,63,True
2019-11-05 18:04:26.981,HOM,16,QA14,2019-11-05 18:04:42.519,15.538,3,False
2019-11-05 18:04:27.578,HOM,08,RA15,2019-11-05 18:05:19.552,51.974,27,False
2019-11-05 18:04:30.367,SKM,22C,RA43,2019-11-05 18:05:58.620,88.253,5,False
2019-11-05 18:04:30.568,HOM,18,QA14,2019-11-05 18:04:45.906,15.338,2,False
2019-11-05 18:04:30.952,KOB,15,GA07,2019-11-05 18:04:49.441,18.489,7,False
2019-11-05 18:04:32.360,DIH,03,GA39,2019-11-05 18:05:41.488,69.128,9,False
2019-11-05 18:04:33.542,TIK,7120,QA36,2019-11-05 18:05:00.911,27.369,6,False
2019-11-05 18:04:33.555,HOM,20,QA14,2019-11-05 18:04:56.664,23.109,,False
2019-11-05 18:04:33.732,YAT,7010,QA02,2019-11-05 18:05:00.912,27.18,28,False
2019-11-05 18:04:33.866,WTS,03,GA09,2019-11-05 18:04:59.663,25.797,6,False
2019-11-05 18:04:35.149,KWT,6011,GA37,2019-11-05 18:04:53.874,18.725,5,False
2019-11-05 18:04:35.348,SKM,12,QA16,2019-11-05 18:05:45.631,70.283,57,True
2019-11-05 18:04:35.746,MOK,32A,RA43,2019-11-05 18:06:03.601,87.855,71,True
2019-11-05 18:04:35.945,HOM,20,GA14,2019-11-05 18:04:56.664,20.719,9,False
2019-11-05 18:04:37.340,LAT,6110,RA35,2019-11-05 18:05:12.601,35.261,25,False
2019-11-05 18:04:38.535,KOB,09,GA38,2019-11-05 18:06:06.589,88.054,72,True
2019-11-05 18:04:38.920,NTK,13,GA06,2019-11-05 18:05:00.051,21.131,10,False
2019-11-05 18:04:38.921,NTK,01,GA07,2019-11-05 18:04:56.663,17.742,5,False
2019-11-05 18:04:39.087,NTK,08,RA46,2019-11-05 18:05:06.028,26.941,14,False
2019-11-05 18:04:40.130,WTS,05,GA09,2019-11-05 18:05:52.048,71.918,57,True
2019-11-05 18:04:40.527,TIK,7118,QA36,2019-11-05 18:05:11.207,30.68,4,False
2019-11-05 18:04:41.126,KWT,6013,GA37,2019-11-05 18:05:03.238,22.112,9,False
2019-11-05 18:04:41.922,DIH,05,GA39,2019-11-05 18:05:50.636,68.714,56,True
2019-11-05 18:04:42.121,CHH,12,RA19,2019-11-05 18:05:05.030,22.909,9,False
2019-11-05 18:04:44.114,NTK,03,GA07,2019-11-05 18:04:59.663,15.549,3,False
2019-11-05 18:04:45.106,TIK,7116,QA36,2019-11-05 18:05:52.245,67.139,17,False
2019-11-05 18:04:45.508,WHA,02,GA14,2019-11-05 18:05:04.034,18.526,6,False
2019-11-05 18:04:45.707,HOM,13,GA13,2019-11-05 18:05:09.413,23.706,6,False
2019-11-05 18:04:46.105,CHH,13A,GA08,2019-11-05 18:05:11.005,24.9,13,False
2019-11-05 18:04:46.505,KOB,12,QA20,2019-11-05 18:05:07.611,21.106,11,False
2019-11-05 18:04:47.301,NTK,05,GA07,2019-11-05 18:05:11.007,23.706,9,False
2019-11-05 18:04:49.691,NTK,15,GA06,2019-11-05 18:05:10.012,20.321,9,False
2019-11-05 18:04:50.488,KWT,6015,GA37,2019-11-05 18:05:14.991,24.503,12,False
2019-11-05 18:04:51.484,CHH,14,RA19,2019-11-05 18:05:11.605,20.121,6,False
2019-11-05 18:04:51.882,HOM,15,GA13,2019-11-05 18:05:21.765,29.883,13,False
2019-11-05 18:04:51.882,WHA,04,GA14,2019-11-05 18:05:17.581,25.699,6,False
2019-11-05 18:04:53.278,NTK,10,RA46,2019-11-05 18:05:16.585,23.307,10,False
2019-11-05 18:04:54.472,YMT,37,GA12,2019-11-05 18:05:14.593,20.121,6,False
2019-11-05 18:04:55.468,HOM,10,RA15,2019-11-05 18:06:21.729,86.261,8,False
2019-11-05 18:04:56.986,NTK,07,GA07,2019-11-05 18:05:27.144,30.158,11,False
2019-11-05 18:04:57.664,CHH,16,RA19,2019-11-05 18:05:16.187,18.523,4,False
2019-11-05 18:04:57.969,KOB,14,QA20,2019-11-05 18:05:16.187,18.218,7,False
2019-11-05 18:04:58.663,WHA,06,GA14,2019-11-05 18:08:45.764,227.101,208,True
2019-11-05 18:04:59.253,KWT,6001,GA06,2019-11-05 18:05:20.968,21.715,7,False
2019-11-05 18:04:59.663,CHH,15,GA08,2019-11-05 18:05:19.552,19.889,7,False
2019-11-05 18:05:00.847,YMT,39,GA12,2019-11-05 18:05:21.565,20.718,7,False
2019-11-05 18:05:02.042,CHH,18,RA19,2019-11-05 18:05:20.171,18.129,3,False
2019-11-05 18:05:02.637,YAT,7008,QA02,2019-11-05 18:05:15.192,12.555,0,False
2019-11-05 18:05:02.638,TIK,7114,QA36,2019-11-05 18:06:08.169,65.531,43,False
2019-11-05 18:05:02.808,LAT,6108,RA35,2019-11-05 18:05:25.352,22.544,6,False
2019-11-05 18:05:02.839,YAT,7006C,QA02,2019-11-05 18:06:06.123,63.284,0,False
2019-11-05 18:05:03.233,LAT,6101,GA37,2019-11-05 18:05:19.175,15.942,6,False
2019-11-05 18:05:03.234,YAT,7006B,QA02,2019-11-05 18:06:12.167,68.933,6,False
2019-11-05 18:05:03.835,NTK,12,RA46,2019-11-05 18:05:20.569,16.734,3,False
2019-11-05 18:05:04.234,HOM,12,RA15,2019-11-05 18:06:29.100,84.866,67,True
2019-11-05 18:05:04.832,DIH,12,QA18,2019-11-05 18:05:29.136,24.304,11,False
2019-11-05 18:05:05.230,KOB,16,QA20,2019-11-05 18:05:26.102,20.872,10,False
2019-11-05 18:05:05.827,CHH,20,RA19,2019-11-05 18:05:25.151,19.324,6,False
2019-11-05 18:05:05.828,HOM,17,GA13,2019-11-05 18:05:42.086,36.258,24,False
2019-11-05 18:05:06.425,KWT,6003,GA06,2019-11-05 18:05:25.351,18.926,4,False
2019-11-05 18:05:07.080,CHH,17,GA08,2019-11-05 18:05:27.144,20.064,7,False
2019-11-05 18:05:07.611,TIK,7111,GA04,2019-11-05 18:05:30.282,22.671,13,False
2019-11-05 18:05:07.820,NTK,14,RA46,2019-11-05 18:05:27.543,19.723,7,False
2019-11-05 18:05:08.218,YMT,41,GA12,2019-11-05 18:05:30.729,22.511,9,False
2019-11-05 18:05:08.219,NTK,09,GA07,2019-11-05 18:06:25.514,77.295,15,False
2019-11-05 18:05:09.214,HOM,05,GA41,2019-11-05 18:05:35.908,26.694,9,False
2019-11-05 18:05:09.612,LAT,6106,RA35,2019-11-05 18:06:14.160,64.548,11,False
2019-11-05 18:05:10.011,LAT,6103,GA37,2019-11-05 18:05:36.309,26.298,11,False
2019-11-05 18:05:10.012,YAT,7005,GA05,2019-11-05 18:05:30.281,20.269,12,False
2019-11-05 18:05:10.210,YAT,7006A,QA02,2019-11-05 18:06:16.152,65.942,51,True
2019-11-05 18:05:11.405,KWT,6005,GA06,2019-11-05 18:05:36.636,25.231,5,False
2019-11-05 18:05:12.402,DIH,02,RA19,2019-11-05 18:05:33.113,20.711,9,False
2019-11-05 18:05:14.792,CHH,19,GA08,2019-11-05 18:05:34.515,19.723,8,False
2019-11-05 18:05:15.390,KOB,02,RA46,2019-11-05 18:05:39.042,23.652,10,False
2019-11-05 18:05:15.987,SKM,15,GA11,2019-11-05 18:05:40.084,24.097,14,False
2019-11-05 18:05:16.187,WTS,02,QA18,2019-11-05 18:05:39.042,22.855,9,False
2019-11-05 18:05:16.188,CHH,02,QA20,2019-11-05 18:05:39.495,23.307,13,False
2019-11-05 18:05:16.984,KWT,6007,GA06,2019-11-05 18:06:35.276,78.292,60,True
2019-11-05 18:05:17.780,MOK,31,GA12,2019-11-05 18:05:38.499,20.719,8,False
2019-11-05 18:05:18.664,HOM,07,GA41,2019-11-05 18:05:45.073,26.409,5,False
2019-11-05 18:05:19.175,MOK,42,QA42,2019-11-05 18:05:41.488,22.313,9,False
2019-11-05 18:05:19.374,WTS,12,RA45,2019-11-05 18:05:40.491,21.117,10,False
2019-11-05 18:05:20.370,LOF,12,QA17,2019-11-05 18:05:41.032,20.662,12,False
2019-11-05 18:05:20.370,KOT,12,RA44,2019-11-05 18:05:41.488,21.118,12,False
2019-11-05 18:05:21.167,LAT,6104,RA35,2019-11-05 18:06:20.336,59.169,43,True
2019-11-05 18:05:21.565,TIK,7113,GA04,2019-11-05 18:05:43.238,21.673,17,False
2019-11-05 18:05:21.964,LAT,6105,GA37,2019-11-05 18:06:39.260,77.296,63,True
2019-11-05 18:05:22.152,YAT,7007,GA05,2019-11-05 18:05:53.241,31.089,24,False
2019-11-05 18:05:22.363,DIH,04,RA19,2019-11-05 18:05:40.083,17.72,6,False
2019-11-05 18:05:22.960,KOT,11,GA10,2019-11-05 18:05:47.126,24.166,15,False
2019-11-05 18:05:23.160,CHH,21,GA08,2019-11-05 18:05:43.082,19.922,7,False
2019-11-05 18:05:23.358,NTK,11,GA07,2019-11-05 18:06:34.479,71.121,60,True
2019-11-05 18:05:23.758,SKM,01,GA40,2019-11-05 18:05:49.058,25.3,12,False
2019-11-05 18:05:24.555,HOM,09,GA41,2019-11-05 18:08:02.096,157.541,7,False
2019-11-05 18:05:25.352,WTS,04,QA18,2019-11-05 18:05:47.464,22.112,8,False
2019-11-05 18:05:25.948,KOB,04,RA46,2019-11-05 18:05:50.636,24.688,13,False
2019-11-05 18:05:25.948,MOK,33,GA12,2019-11-05 18:05:53.583,27.635,9,False
2019-11-05 18:05:28.339,MOK,44,QA42,2019-11-05 18:05:46.635,18.296,4,False
2019-11-05 18:05:28.538,DIH,06,RA19,2019-11-05 18:06:01.116,32.578,12,False
2019-11-05 18:05:29.335,CHH,04,QA20,2019-11-05 18:05:52.586,23.251,12,False
2019-11-05 18:05:29.733,WTS,14,RA45,2019-11-05 18:05:47.126,17.393,7,False
2019-11-05 18:05:29.733,KWT,6006,QA01,2019-11-05 18:05:52.047,22.314,6,False
2019-11-05 18:05:29.931,HOM,19,GA13,2019-11-05 18:06:05.194,35.263,23,False
2019-11-05 18:05:30.133,SKM,17,GA11,2019-11-05 18:05:48.460,18.327,10,False
2019-11-05 18:05:30.530,KOB,01,GA08,2019-11-05 18:05:51.051,20.521,10,False
2019-11-05 18:05:32.302,HOM,11,GA41,2019-11-05 18:08:10.900,158.598,139,True
2019-11-05 18:05:32.522,SKM,14,QA16,2019-11-05 18:05:53.584,21.062,8,False
2019-11-05 18:05:32.723,KOT,14,RA44,2019-11-05 18:05:48.460,15.737,8,False
2019-11-05 18:05:33.113,LOF,14,QA17,2019-11-05 18:05:48.460,15.347,7,False
2019-11-05 18:05:33.120,MOK,46,QA42,2019-11-05 18:05:55.632,22.512,9,False
2019-11-05 18:05:34.315,WTS,06,QA18,2019-11-05 18:06:01.608,27.293,8,False
2019-11-05 18:05:35.908,MOK,35,GA12,2019-11-05 18:06:45.635,69.727,9,False
2019-11-05 18:05:36.108,SKM,03,GA40,2019-11-05 18:05:58.022,21.914,8,False
2019-11-05 18:05:36.503,KWT,6004,QA01,2019-11-05 18:05:55.832,19.329,6,False
2019-11-05 18:05:37.304,LOF,02,RA45,2019-11-05 18:05:54.618,17.314,5,False
2019-11-05 18:05:37.503,WTS,07,GA09,2019-11-05 18:06:00.612,23.109,13,False
2019-11-05 18:05:38.101,KOT,13,GA10,2019-11-05 18:05:54.618,16.517,7,False
2019-11-05 18:05:38.897,DIH,07,GA39,2019-11-05 18:05:58.620,19.723,7,False
2019-11-05 18:05:39.296,KOB,06,RA46,2019-11-05 18:06:05.488,26.192,8,False
2019-11-05 18:05:39.297,TIK,7110,RA03,2019-11-05 18:05:47.126,7.829,0,False
2019-11-05 18:05:39.495,TIK,7115,GA04,2019-11-05 18:05:47.264,7.769,0,False
2019-11-05 18:05:39.893,TIK,7149,GA04,2019-11-05 18:05:52.245,12.352,0,False
2019-11-05 18:05:40.084,TIK,7108,RA03,2019-11-05 18:05:55.233,15.149,5,False
2019-11-05 18:05:40.292,TIK,7120,GA04,2019-11-05 18:06:00.154,19.862,0,False
2019-11-05 18:05:40.491,TIK,7122,GA04,2019-11-05 18:06:40.250,59.759,,False
2019-11-05 18:05:40.691,KOB,03,GA08,2019-11-05 18:06:03.202,22.511,6,False
2019-11-05 18:05:40.890,SKM,16,QA16,2019-11-05 18:06:01.116,20.226,3,False
2019-11-05 18:05:41.032,DIH,08,RA19,2019-11-05 18:06:51.612,70.58,11,False
2019-11-05 18:05:41.033,SKM,19,GA11,2019-11-05 18:05:55.632,14.599,5,False
2019-11-05 18:05:41.090,KOT,02,QA17,2019-11-05 18:05:56.031,14.941,6,False
2019-11-05 18:05:41.289,KOT,16,RA44,2019-11-05 18:05:55.632,14.343,5,False
2019-11-05 18:05:41.886,CHH,06,QA20,2019-11-05 18:06:02.604,20.718,7,False
2019-11-05 18:05:42.683,YMT,32,QA42,2019-11-05 18:06:04.199,21.516,7,False
2019-11-05 18:05:42.873,WTS,08,QA18,2019-11-05 18:06:53.604,70.731,12,False
2019-11-05 18:05:43.082,KWT,6002,QA01,2019-11-05 18:06:04.742,21.66,10,False
2019-11-05 18:05:43.238,LOF,04,RA45,2019-11-05 18:06:01.541,18.303,7,False
2019-11-05 18:05:44.244,SKM,05,GA40,2019-11-05 18:06:06.589,22.345,9,False
2019-11-05 18:05:44.475,SKM,18,QA16,2019-11-05 18:06:14.159,29.684,12,False
2019-11-05 18:05:45.442,MOK,37,GA12,2019-11-05 18:06:50.018,64.576,49,True
2019-11-05 18:05:45.631,KOT,15,GA10,2019-11-05 18:06:01.116,15.485,6,False
2019-11-05 18:05:45.671,TIK,7106,RA03,2019-11-05 18:06:15.354,29.683,18,False
2019-11-05 18:05:46.268,TIK,7112C,QA36,2019-11-05 18:07:39.623,113.355,11,False
2019-11-05 18:05:46.464,YAT,7009,GA05,2019-11-05 18:06:08.169,21.705,14,False
2019-11-05 18:05:46.635,SKM,21,GA11,2019-11-05 18:06:01.117,14.482,6,False
2019-11-05 18:05:46.866,DIH,09,GA39,2019-11-05 18:06:06.976,20.11,10,False
2019-11-05 18:05:47.265,SKM,02,RA44,2019-11-05 18:06:02.206,14.941,5,False
2019-11-05 18:05:47.664,MOK,32B,RA43,2019-11-05 18:06:06.589,18.925,6,False
2019-11-05 18:05:47.664,KOB,05,GA08,2019-11-05 18:06:22.127,34.463,14,False
2019-11-05 18:05:47.862,KOT,04,QA17,2019-11-05 18:06:04.575,16.713,5,False
2019-11-05 18:05:48.261,KOB,08,RA46,2019-11-05 18:07:13.127,84.866,13,False
2019-11-05 18:05:49.456,CHH,08,QA20,2019-11-05 18:06:13.561,24.105,5,False
2019-11-05 18:05:49.855,YMT,34,QA42,2019-11-05 18:06:05.488,15.633,2,False
2019-11-05 18:05:50.451,LOF,06,RA45,2019-11-05 18:06:16.549,26.098,8,False
2019-11-05 18:05:51.249,WTS,09,GA09,2019-11-05 18:06:08.581,17.332,8,False
2019-11-05 18:05:51.250,KOB,11,GA38,2019-11-05 18:06:16.151,24.901,14,False
2019-11-05 18:05:52.047,DIH,10,RA19,2019-11-05 18:07:00.577,68.53,55,True
2019-11-05 18:05:52.047,LOF,01,GA10,2019-11-05 18:06:07.585,15.538,6,False
2019-11-05 18:05:52.445,YMT,36,QA42,2019-11-05 18:06:14.159,21.714,5,False
2019-11-05 18:05:52.587,SKM,04,RA44,2019-11-05 18:06:09.178,16.591,7,False
2019-11-05 18:05:52.803,KOT,01,GA11,2019-11-05 18:06:06.976,14.173,5,False
2019-11-05 18:05:53.065,HOM,21,GA13,2019-11-05 18:06:28.669,35.604,21,False
2019-11-05 18:05:53.440,SKM,07,GA40,2019-11-05 18:06:15.155,21.715,8,False
2019-11-05 18:05:53.639,KOT,06,QA17,2019-11-05 18:06:18.542,24.903,6,False
2019-11-05 18:05:53.839,NTK,02,QA01,2019-11-05 18:06:11.171,17.332,8,False
2019-11-05 18:05:54.436,MOK,34A,RA43,2019-11-05 18:06:11.171,16.735,6,False
2019-11-05 18:05:54.835,CHH,10,QA20,2019-11-05 18:07:11.135,76.3,59,True
2019-11-05 18:05:55.035,WTS,10,QA18,2019-11-05 18:07:02.552,67.517,55,True
2019-11-05 18:05:56.828,SKM,20,QA16,2019-11-05 18:06:28.669,31.841,16,False
2019-11-05 18:05:57.211,CHH,01,GA39,2019-11-05 18:06:14.159,16.948,5,False
2019-11-05 18:05:57.418,TIK,7112B,QA36,2019-11-05 18:07:44.205,106.787,4,False
2019-11-05 18:05:57.624,YMT,38,QA42,2019-11-05 18:06:23.124,25.5,3,False
2019-11-05 18:05:58.221,LOF,03,GA10,2019-11-05 18:06:14.558,16.337,5,False
2019-11-05 18:05:58.667,KOT,03,GA11,2019-11-05 18:06:13.164,14.497,5,False
2019-11-05 18:05:59.218,LOF,08,RA45,2019-11-05 18:07:12.131,72.913,10,False
2019-11-05 18:05:59.616,SKM,06,RA44,2019-11-05 18:06:17.480,17.864,6,False
2019-11-05 18:06:00.008,KOT,08,QA17,2019-11-05 18:07:29.662,89.654,10,False
2019-11-05 18:06:00.154,WTS,11,GA09,2019-11-05 18:06:16.549,16.395,6,False
2019-11-05 18:06:00.946,YMT,40,QA42,2019-11-05 18:07:14.522,73.576,56,True
2019-11-05 18:06:01.117,MOK,34B,RA43,2019-11-05 18:06:16.151,15.034,4,False
2019-11-05 18:06:01.409,TIK,7101,GA05,2019-11-05 18:06:40.251,38.842,30,False
2019-11-05 18:06:01.796,TIK,7112A,QA36,2019-11-05 18:07:52.140,110.344,108,True
2019-11-05 18:06:01.807,YAT,7004,QA02,2019-11-05 18:06:21.331,19.524,6,False
2019-11-05 18:06:02.206,KOB,10,RA46,2019-11-05 18:07:23.088,80.882,68,True
2019-11-05 18:06:02.207,SKM,09,GA40,2019-11-05 18:06:19.538,17.331,3,False
2019-11-05 18:06:02.380,KOB,07,GA08,2019-11-05 18:06:43.067,40.687,21,False
2019-11-05 18:06:02.405,NTK,04,QA01,2019-11-05 18:06:26.510,24.105,6,False
2019-11-05 18:06:03.003,CHH,03,GA39,2019-11-05 18:06:19.139,16.136,4,False
2019-11-05 18:06:04.198,LOF,05,GA10,2019-11-05 18:06:27.506,23.308,6,False
2019-11-05 18:06:04.576,TIK,7104,RA03,2019-11-05 18:06:25.315,20.739,12,False
2019-11-05 18:06:04.576,LAT,6102,RA35,2019-11-05 18:06:24.319,19.743,7,False
2019-11-05 18:06:04.576,KOT,05,GA11,2019-11-05 18:06:20.135,15.559,5,False
2019-11-05 18:06:05.489,MOK,36,RA43,2019-11-05 18:06:35.475,29.986,11,False
2019-11-05 18:06:05.592,KOB,13,GA38,2019-11-05 18:06:24.518,18.926,9,False
2019-11-05 18:06:05.992,SKM,11,GA40,2019-11-05 18:06:28.105,22.113,4,False
2019-11-05 18:06:06.122,SKM,08,RA44,2019-11-05 18:06:33.484,27.362,7,False
2019-11-05 18:06:06.590,DIH,01,GA09,2019-11-05 18:06:29.698,23.108,7,False
2019-11-05 18:06:07.187,CHH,05,GA39,2019-11-05 18:06:25.514,18.327,6,False
2019-11-05 18:06:08.182,YAT,7002,QA02,2019-11-05 18:06:27.307,19.125,9,False
2019-11-05 18:06:08.979,NTK,06,QA01,2019-11-05 18:07:29.065,80.086,64,True
2019-11-05 18:06:09.776,LOF,10,RA45,2019-11-05 18:07:20.498,70.722,59,True
2019-11-05 18:06:10.374,KOT,07,GA11,2019-11-05 18:06:33.484,23.11,6,False
2019-11-05 18:06:10.772,SKM,13,GA40,2019-11-05 18:07:25.679,74.907,58,True
2019-11-05 18:06:10.971,KOT,10,QA17,2019-11-05 18:07:38.530,87.559,75,True
2019-11-05 18:06:11.172,LOF,07,GA10,2019-11-05 18:07:25.080,73.908,10,False
2019-11-05 18:06:11.370,HOM,14,RA15,2019-11-05 18:06:35.674,24.304,7,False
2019-11-05 18:06:11.967,KWT,6016,RA35,2019-11-05 18:06:37.467,25.5,11,False
2019-11-05 18:06:13.164,SKM,10,RA44,2019-11-05 18:07:22.490,69.326,12,False
2019-11-05 18:06:13.562,SKM,22A,QA16,2019-11-05 18:06:34.081,20.519,3,False
2019-11-05 18:06:13.760,DIH,03,GA09,2019-11-05 18:07:21.097,67.337,9,False
2019-11-05 18:06:13.960,CHH,07,GA39,2019-11-05 18:06:28.502,14.542,1,False
2019-11-05 18:06:14.638,YMT,31,GA13,2019-11-05 18:06:40.628,25.99,12,False
2019-11-05 18:06:14.756,KOB,15,GA38,2019-11-05 18:06:33.484,18.728,8,False
2019-11-05 18:06:15.953,CHH,09B,GA39,2019-11-05 18:06:45.635,29.682,9,False
2019-11-05 18:06:16.722,MOK,38,RA43,2019-11-05 18:07:31.455,74.733,10,False
2019-11-05 18:06:16.948,SKM,22B,QA16,2019-11-05 18:07:30.636,73.688,4,False
2019-11-05 18:06:17.147,KOT,09,GA11,2019-11-05 18:07:47.592,90.445,74,True
2019-11-05 18:06:17.324,LAT,6112,QA02,2019-11-05 18:06:58.186,40.862,25,False
2019-11-05 18:06:17.480,TIK,7102,RA03,2019-11-05 18:06:36.273,18.793,14,False
2019-11-05 18:06:17.545,KWT,6009,GA06,2019-11-05 18:06:40.629,23.084,8,False
2019-11-05 18:06:18.940,HOM,22,RA15,2019-11-05 18:06:42.615,23.675,5,False
2019-11-05 18:06:21.131,SKM,22C,QA16,2019-11-05 18:07:37.007,75.876,4,False
2019-11-05 18:06:22.127,LOF,09,GA10,2019-11-05 18:07:34.643,72.516,61,True
2019-11-05 18:06:23.323,DIH,05,GA09,2019-11-05 18:07:30.636,67.313,53,True
2019-11-05 18:06:23.324,NTK,01,GA38,2019-11-05 18:06:40.068,16.744,5,False
2019-11-05 18:06:23.482,NTK,13,GA07,2019-11-05 18:06:44.041,20.559,10,False
2019-11-05 18:06:23.721,KOB,09,GA08,2019-11-05 18:07:45.201,81.48,65,True
2019-11-05 18:06:23.920,KWT,6014,RA35,2019-11-05 18:06:47.030,23.11,11,False
2019-11-05 18:06:24.319,HOM,05,RA15,2019-11-05 18:06:49.221,24.902,2,False
2019-11-05 18:06:25.117,TIK,7120,RA04,2019-11-05 18:06:50.148,25.031,6,False
2019-11-05 18:06:25.316,LAT,6107,GA37,2019-11-05 18:06:50.147,24.831,9,False
2019-11-05 18:06:25.438,SKM,12,RA44,2019-11-05 18:07:31.455,66.017,54,True
2019-11-05 18:06:25.913,CHH,11,GA39,2019-11-05 18:07:40.619,74.706,60,True
2019-11-05 18:06:26.112,MOK,32A,QA16,2019-11-05 18:07:44.205,78.093,58,True
2019-11-05 18:06:26.113,KWT,6011,GA06,2019-11-05 18:06:46.035,19.922,5,False
2019-11-05 18:06:26.909,MOK,40,RA43,2019-11-05 18:07:37.631,70.722,55,True
2019-11-05 18:06:26.909,HOM,03,RA15,2019-11-05 18:10:56.441,269.532,,False
2019-11-05 18:06:27.506,YMT,33,GA13,2019-11-05 18:06:51.007,23.501,4,False
2019-11-05 18:06:29.299,NTK,03,GA38,2019-11-05 18:06:43.643,14.344,2,False
2019-11-05 18:06:31.491,NTK,05,GA38,2019-11-05 18:06:54.998,23.507,8,False
2019-11-05 18:06:31.690,KWT,6013,GA06,2019-11-05 18:06:55.199,23.509,9,False
2019-11-05 18:06:31.889,YAT,7012,RA03,2019-11-05 18:06:58.186,26.297,20,False
2019-11-05 18:06:32.068,TIK,7118,RA04,2019-11-05 18:07:00.159,28.091,1,False
2019-11-05 18:06:32.068,TIK,7103,GA05,2019-11-05 18:06:56.118,24.05,11,False
2019-11-05 18:06:32.289,YMT,35,GA13,2019-11-05 18:07:46.501,74.212,57,True
2019-11-05 18:06:33.483,TIK,7116,RA04,2019-11-05 18:08:03.331,89.848,18,False
2019-11-05 18:06:33.483,NTK,15,GA07,2019-11-05 18:06:55.503,22.02,9,False
2019-11-05 18:06:34.877,MOK,39,GA12,2019-11-05 18:06:55.503,20.626,6,False
2019-11-05 18:06:35.077,KWT,6012,RA35,2019-11-05 18:06:57.987,22.91,8,False
2019-11-05 18:06:35.078,LAT,6109,GA37,2019-11-05 18:07:09.342,34.264,32,False
2019-11-05 18:06:40.251,NTK,07,GA38,2019-11-05 18:07:10.537,30.286,12,False
2019-11-05 18:06:41.452,KWT,6015,GA06,2019-11-05 18:07:07.350,25.898,13,False
2019-11-05 18:06:41.651,MOK,41,GA12,2019-11-05 18:07:00.577,18.926,5,False
2019-11-05 18:06:43.067,LAT,6110,QA02,2019-11-05 18:07:16.115,33.048,23,False
2019-11-05 18:06:43.195,TIK,7105,GA05,2019-11-05 18:07:00.159,16.964,8,False
2019-11-05 18:06:43.245,KWT,6001,GA07,2019-11-05 18:07:10.912,27.667,8,False
2019-11-05 18:06:44.042,KWT,6010,RA35,2019-11-05 18:07:12.730,28.688,8,False
2019-11-05 18:06:47.229,MOK,43,GA12,2019-11-05 18:07:04.959,17.73,4,False
2019-11-05 18:06:47.774,DIH,12,RA19,2019-11-05 18:07:12.131,24.357,12,False
2019-11-05 18:06:50.616,WTS,12,QA18,2019-11-05 18:07:12.131,21.515,10,False
2019-11-05 18:06:51.612,KWT,6003,GA07,2019-11-05 18:07:17.111,25.499,5,False
2019-11-05 18:06:51.958,YAT,7010,RA03,2019-11-05 18:07:15.263,23.305,15,False
2019-11-05 18:06:51.958,TIK,7114,RA04,2019-11-05 18:08:19.268,87.31,65,False
2019-11-05 18:06:52.010,TIK,7107,GA05,2019-11-05 18:07:08.346,16.336,4,False
2019-11-05 18:06:52.210,MOK,45,GA12,2019-11-05 18:07:24.084,31.874,11,False
2019-11-05 18:06:52.408,NTK,09,GA38,2019-11-05 18:08:02.096,69.688,14,False
2019-11-05 18:06:53.007,KWT,6008,RA35,2019-11-05 18:08:16.279,83.272,66,True
2019-11-05 18:06:54.201,CHH,12,QA20,2019-11-05 18:07:17.072,22.871,9,False
2019-11-05 18:06:54.536,LAT,6101,GA06,2019-11-05 18:07:11.334,16.798,5,False
2019-11-05 18:06:56.592,TIK,7109A,GA05,2019-11-05 18:08:15.257,78.665,10,False
2019-11-05 18:06:57.389,KWT,6005,GA07,2019-11-05 18:07:28.424,31.035,9,False
2019-11-05 18:06:57.788,YMT,42,QA42,2019-11-05 18:07:18.506,20.718,8,False
2019-11-05 18:06:59.780,WTS,02,RA19,2019-11-05 18:07:21.494,21.714,8,False
2019-11-05 18:06:59.938,LAT,6103,GA06,2019-11-05 18:07:28.264,28.326,13,False
2019-11-05 18:07:01.174,WTS,14,QA18,2019-11-05 18:07:19.502,18.328,7,False
2019-11-05 18:07:03.764,MOK,47,GA12,2019-11-05 18:08:27.634,83.87,65,True
2019-11-05 18:07:03.963,CHH,14,QA20,2019-11-05 18:07:24.084,20.121,6,False
2019-11-05 18:07:06.155,LAT,6108,QA02,2019-11-05 18:07:29.264,23.109,1,False
2019-11-05 18:07:06.553,KWT,6007,GA07,2019-11-05 18:08:27.834,81.281,62,True
2019-11-05 18:07:06.742,YMT,44,QA42,2019-11-05 18:07:30.062,23.32,12,False
2019-11-05 18:07:06.951,NTK,11,GA38,2019-11-05 18:08:17.471,70.52,52,True
2019-11-05 18:07:07.478,YAT,7001,GA37,2019-11-05 18:07:32.252,24.774,19,False
2019-11-05 18:07:07.478,TIK,7109B,GA05,2019-11-05 18:08:18.271,70.793,0,False
2019-11-05 18:07:07.479,YAT,7008,RA03,2019-11-05 18:07:30.260,22.781,6,False
2019-11-05 18:07:07.549,TIK,7109C,GA05,2019-11-05 18:08:26.240,78.691,63,True
2019-11-05 18:07:07.947,LAT,6106,QA02,2019-11-05 18:08:17.275,69.328,19,False
2019-11-05 18:07:08.545,LOF,02,QA18,2019-11-05 18:07:28.641,20.096,6,False
2019-11-05 18:07:08.545,WTS,04,RA19,2019-11-05 18:07:30.636,22.091,8,False
2019-11-05 18:07:09.143,LOF,12,RA45,2019-11-05 18:07:29.662,20.519,11,False
2019-11-05 18:07:09.143,SKM,15,GA40,2019-11-05 18:07:33.646,24.503,14,False
2019-11-05 18:07:10.139,CHH,16,QA20,2019-11-05 18:07:28.055,17.916,4,False
2019-11-05 18:07:10.913,KOB,12,RA46,2019-11-05 18:07:32.053,21.14,11,False
2019-11-05 18:07:13.127,LAT,6105,GA06,2019-11-05 18:08:24.248,71.121,55,True
2019-11-05 18:07:13.526,YAT,7006C,RA03,2019-11-05 18:08:26.240,72.714,13,False
2019-11-05 18:07:13.725,NTK,08,QA01,2019-11-05 18:07:39.026,25.301,14,False
2019-11-05 18:07:14.322,CHH,18,QA20,2019-11-05 18:07:32.053,17.731,4,False
2019-11-05 18:07:15.263,LOF,04,QA18,2019-11-05 18:07:36.037,20.774,8,False
2019-11-05 18:07:17.072,WTS,06,RA19,2019-11-05 18:07:45.201,28.129,8,False
2019-11-05 18:07:17.311,DIH,07,GA09,2019-11-05 18:07:38.530,21.219,8,False
2019-11-05 18:07:18.507,CHH,20,QA20,2019-11-05 18:07:37.631,19.124,6,False
2019-11-05 18:07:19.046,HOM,02,QA42,2019-11-05 18:07:53.369,34.323,22,False
2019-11-05 18:07:20.299,SKM,14,RA44,2019-11-05 18:07:39.026,18.727,6,False
2019-11-05 18:07:20.897,LOF,14,RA45,2019-11-05 18:07:38.627,17.73,7,False
2019-11-05 18:07:22.291,MOK,42,RA43,2019-11-05 18:07:44.205,21.914,9,False
2019-11-05 18:07:22.635,KOB,14,RA46,2019-11-05 18:07:40.021,17.386,7,False
2019-11-05 18:07:23.486,SKM,17,GA40,2019-11-05 18:07:41.596,18.11,9,False
2019-11-05 18:07:23.885,LOF,11,GA10,2019-11-05 18:07:43.608,19.723,10,False
2019-11-05 18:07:24.085,LOF,06,QA18,2019-11-05 18:07:50.978,26.893,9,False
2019-11-05 18:07:24.283,MOK,32B,QA16,2019-11-05 18:07:47.990,23.707,7,False
2019-11-05 18:07:24.881,DIH,02,QA20,2019-11-05 18:07:45.600,20.719,8,False
2019-11-05 18:07:25.679,WTS,08,RA19,2019-11-05 18:08:43.173,77.494,12,False
2019-11-05 18:07:26.275,DIH,09,GA09,2019-11-05 18:07:47.592,21.317,9,False
2019-11-05 18:07:26.276,CHH,13A,GA39,2019-11-05 18:07:50.571,24.295,13,False
2019-11-05 18:07:26.674,SKM,16,RA44,2019-11-05 18:07:44.603,17.929,3,False
2019-11-05 18:07:26.874,KOT,12,QA17,2019-11-05 18:07:47.592,20.718,12,False
2019-11-05 18:07:27.053,LAT,6104,QA02,2019-11-05 18:08:24.248,57.195,41,True
2019-11-05 18:07:27.053,YAT,7003A,GA37,2019-11-05 18:08:28.232,61.179,0,False
2019-11-05 18:07:27.271,YAT,7006B,RA03,2019-11-05 18:08:32.216,64.945,0,False
2019-11-05 18:07:27.486,YAT,7003B,GA37,2019-11-05 18:08:32.216,64.73,0,False
2019-11-05 18:07:27.670,YAT,7003C,GA37,2019-11-05 18:08:36.201,68.531,1,False
2019-11-05 18:07:27.870,YAT,7006A,RA03,2019-11-05 18:08:37.994,70.124,56,True
2019-11-05 18:07:28.055,NTK,10,QA01,2019-11-05 18:07:46.963,18.908,9,False
2019-11-05 18:07:28.865,KOT,02,RA45,2019-11-05 18:07:47.990,19.125,8,False
2019-11-05 18:07:29.064,YAT,7003D,GA37,2019-11-05 18:08:38.126,69.062,54,True
2019-11-05 18:07:29.065,KOB,11,GA08,2019-11-05 18:07:55.162,26.097,14,False
2019-11-05 18:07:30.062,YMT,37,GA13,2019-11-05 18:07:50.571,20.509,6,False
2019-11-05 18:07:30.260,KOB,16,RA46,2019-11-05 18:07:48.986,18.726,9,False
2019-11-05 18:07:30.637,SKM,18,RA44,2019-11-05 18:07:58.150,27.513,10,False
2019-11-05 18:07:31.655,MOK,34A,QA16,2019-11-05 18:07:53.568,21.913,7,False
2019-11-05 18:07:31.854,MOK,44,RA43,2019-11-05 18:07:48.987,17.133,3,False
2019-11-05 18:07:31.984,KOT,11,GA11,2019-11-05 18:07:56.158,24.174,14,False
2019-11-05 18:07:33.049,SKM,19,GA40,2019-11-05 18:07:48.588,15.539,5,False
2019-11-05 18:07:33.248,LOF,08,QA18,2019-11-05 18:08:44.078,70.83,11,False
2019-11-05 18:07:33.647,DIH,04,QA20,2019-11-05 18:07:51.576,17.929,7,False
2019-11-05 18:07:34.244,LOF,13,GA10,2019-11-05 18:07:51.576,17.332,8,False
2019-11-05 18:07:35.439,MOK,46,RA43,2019-11-05 18:07:58.549,23.11,10,False
2019-11-05 18:07:35.839,CHH,01,GA09,2019-11-05 18:07:55.162,19.323,6,False
2019-11-05 18:07:36.834,YMT,39,GA13,2019-11-05 18:07:57.553,20.719,6,False
2019-11-05 18:07:37.006,KOT,04,RA45,2019-11-05 18:07:58.549,21.543,7,False
2019-11-05 18:07:37.632,NTK,12,QA01,2019-11-05 18:07:49.962,12.33,2,False
2019-11-05 18:07:38.029,WTS,10,RA19,2019-11-05 18:08:52.138,74.109,62,True
2019-11-05 18:07:39.026,SKM,21,GA40,2019-11-05 18:07:54.492,15.466,6,False
2019-11-05 18:07:39.225,KOT,14,QA17,2019-11-05 18:07:54.492,15.267,6,False
2019-11-05 18:07:39.424,CHH,15,GA39,2019-11-05 18:07:58.150,18.726,7,False
2019-11-05 18:07:39.623,MOK,34B,QA16,2019-11-05 18:07:59.546,19.923,7,False
2019-11-05 18:07:39.624,CHH,02,RA46,2019-11-05 18:08:00.142,20.518,11,False
2019-11-05 18:07:40.221,NTK,14,QA01,2019-11-05 18:07:55.560,15.339,6,False
2019-11-05 18:07:40.819,SKM,20,RA44,2019-11-05 18:08:13.092,32.273,16,False
2019-11-05 18:07:41.217,DIH,06,QA20,2019-11-05 18:08:11.099,29.882,9,False
2019-11-05 18:07:41.597,HOM,04,QA42,2019-11-05 18:08:09.705,28.108,15,False
2019-11-05 18:07:42.412,WTS,01,GA10,2019-11-05 18:08:01.138,18.726,9,False
2019-11-05 18:07:42.810,CHH,03,GA09,2019-11-05 18:08:01.138,18.328,4,False
2019-11-05 18:07:43.807,YMT,41,GA13,2019-11-05 18:08:07.513,23.706,10,False
2019-11-05 18:07:44.006,KOB,13,GA08,2019-11-05 18:08:04.526,20.52,10,False
2019-11-05 18:07:44.404,LOF,10,QA18,2019-11-05 18:08:52.537,68.133,56,True
2019-11-05 18:07:45.002,KOT,06,RA45,2019-11-05 18:08:13.092,28.09,8,False
2019-11-05 18:07:45.600,YMT,32,RA43,2019-11-05 18:08:06.517,20.917,7,False
2019-11-05 18:07:45.799,KOT,01,GA40,2019-11-05 18:08:01.537,15.738,6,False
2019-11-05 18:07:45.999,KOT,16,QA17,2019-11-05 18:08:01.138,15.139,7,False
2019-11-05 18:07:46.501,KOT,13,GA11,2019-11-05 18:08:04.127,17.626,8,False
2019-11-05 18:07:46.795,CHH,17,GA39,2019-11-05 18:08:05.123,18.328,7,False
2019-11-05 18:07:46.962,KOB,02,QA01,2019-11-05 18:08:03.521,16.559,7,False
2019-11-05 18:07:47.193,MOK,36,QA16,2019-11-05 18:08:19.068,31.875,12,False
2019-11-05 18:07:47.593,CHH,05,GA09,2019-11-05 18:08:08.050,20.457,6,False
2019-11-05 18:07:49.961,TIK,7110,QA36,2019-11-05 18:07:59.345,9.384,0,False
2019-11-05 18:07:49.962,TIK,7108,QA36,2019-11-05 18:08:07.314,17.352,7,False
2019-11-05 18:07:50.779,DIH,08,QA20,2019-11-05 18:09:04.091,73.312,12,False
2019-11-05 18:07:50.975,CHH,04,RA46,2019-11-05 18:08:12.452,21.477,11,False
2019-11-05 18:07:51.974,HOM,13,GA41,2019-11-05 18:08:14.884,22.91,6,False
2019-11-05 18:07:51.975,KOT,03,GA40,2019-11-05 18:08:09.094,17.119,6,False
2019-11-05 18:07:52.140,WTS,03,GA10,2019-11-05 18:08:16.478,24.338,6,False
2019-11-05 18:07:52.971,YMT,34,RA43,2019-11-05 18:08:08.509,15.538,2,False
2019-11-05 18:07:53.369,SKM,02,QA17,2019-11-05 18:08:08.051,14.682,5,False
2019-11-05 18:07:53.568,KOT,08,RA45,2019-11-05 18:09:25.607,92.039,12,False
2019-11-05 18:07:53.967,MOK,31,GA13,2019-11-05 18:08:17.471,23.504,9,False
2019-11-05 18:07:54.106,CHH,19,GA39,2019-11-05 18:08:12.095,17.989,6,False
2019-11-05 18:07:54.492,CHH,07,GA09,2019-11-05 18:08:10.502,16.01,3,False
2019-11-05 18:07:54.564,KOB,15,GA08,2019-11-05 18:08:13.689,19.125,8,False
2019-11-05 18:07:54.763,KOB,04,QA01,2019-11-05 18:08:11.684,16.921,7,False
2019-11-05 18:07:54.963,KOT,15,GA11,2019-11-05 18:08:10.634,15.671,6,False
2019-11-05 18:07:55.361,YMT,36,RA43,2019-11-05 18:08:17.077,21.716,4,False
2019-11-05 18:07:57.137,HOM,06,QA42,2019-11-05 18:08:34.208,37.071,20,False
2019-11-05 18:07:57.154,SKM,22A,RA44,2019-11-05 18:08:19.466,22.312,3,False
2019-11-05 18:07:57.553,CHH,09B,GA09,2019-11-05 18:08:28.034,30.481,10,False
2019-11-05 18:07:57.752,TIK,7112C,RA04,2019-11-05 18:10:13.219,135.467,5,False
2019-11-05 18:07:57.951,TIK,7106,QA36,2019-11-05 18:08:28.232,30.281,19,False
2019-11-05 18:07:58.349,WTS,05,GA10,2019-11-05 18:09:18.994,80.645,65,True
2019-11-05 18:07:58.749,HOM,15,GA41,2019-11-05 18:08:27.634,28.885,14,False
2019-11-05 18:07:58.931,SKM,04,QA17,2019-11-05 18:08:14.661,15.73,6,False
2019-11-05 18:07:58.947,KOT,05,GA40,2019-11-05 18:08:16.081,17.134,6,False
2019-11-05 18:07:59.147,KWT,6006,RA35,2019-11-05 18:08:20.618,21.471,6,False
2019-11-05 18:07:59.345,MOK,38,QA16,2019-11-05 18:09:17.638,78.293,11,False
2019-11-05 18:07:59.545,NTK,13,GA38,2019-11-05 18:08:29.626,30.081,15,False
2019-11-05 18:07:59.944,YMT,38,RA43,2019-11-05 18:08:25.642,25.698,3,False
2019-11-05 18:08:00.541,SKM,22B,RA44,2019-11-05 18:09:10.069,69.528,4,False
2019-11-05 18:08:00.939,CHH,21,GA39,2019-11-05 18:08:19.068,18.129,7,False
2019-11-05 18:08:01.537,LOF,01,GA11,2019-11-05 18:08:17.077,15.54,6,False
2019-11-05 18:08:02.135,CHH,06,RA46,2019-11-05 18:08:22.654,20.519,7,False
2019-11-05 18:08:02.533,KOB,06,QA01,2019-11-05 18:08:26.042,23.509,7,False
2019-11-05 18:08:03.132,DIH,10,QA20,2019-11-05 18:09:13.057,69.925,57,True
2019-11-05 18:08:03.330,TIK,7112B,RA04,2019-11-05 18:10:19.130,135.8,7,False
2019-11-05 18:08:03.330,MOK,33,GA13,2019-11-05 18:08:34.540,31.21,10,False
2019-11-05 18:08:03.522,NTK,01,GA08,2019-11-05 18:08:20.974,17.452,5,False
2019-11-05 18:08:03.729,YMT,40,RA43,2019-11-05 18:09:21.586,77.857,61,True
2019-11-05 18:08:05.322,SKM,06,QA17,2019-11-05 18:08:22.057,16.735,5,False
2019-11-05 18:08:05.521,SKM,22C,RA44,2019-11-05 18:09:15.048,69.527,4,False
2019-11-05 18:08:05.920,KOT,07,GA40,2019-11-05 18:08:29.626,23.706,7,False
2019-11-05 18:08:06.071,KOT,10,RA45,2019-11-05 18:09:33.575,87.504,77,True
2019-11-05 18:08:06.119,KWT,6004,RA35,2019-11-05 18:08:24.634,18.515,5,False
2019-11-05 18:08:07.713,LOF,03,GA11,2019-11-05 18:08:24.048,16.335,5,False
2019-11-05 18:08:07.912,CHH,11,GA09,2019-11-05 18:09:23.017,75.105,60,True
2019-11-05 18:08:08.111,KOB,01,GA39,2019-11-05 18:08:26.041,17.93,7,False
2019-11-05 18:08:08.709,LAT,6107,GA06,2019-11-05 18:08:31.818,23.109,11,False
2019-11-05 18:08:08.908,NTK,03,GA08,2019-11-05 18:08:24.633,15.725,2,False
2019-11-05 18:08:08.908,LAT,6102,QA02,2019-11-05 18:08:28.146,19.238,7,False
2019-11-05 18:08:09.095,KWT,6009,GA07,2019-11-05 18:08:32.217,23.122,8,False
2019-11-05 18:08:09.306,CHH,08,RA46,2019-11-05 18:08:32.615,23.309,5,False
2019-11-05 18:08:09.705,SKM,01,GA12,2019-11-05 18:08:36.001,26.296,13,False
2019-11-05 18:08:09.904,KOB,08,QA01,2019-11-05 18:09:35.567,85.663,11,False
2019-11-05 18:08:10.302,MOK,32A,RA44,2019-11-05 18:09:24.610,74.308,53,True
2019-11-05 18:08:10.702,TIK,7112A,RA04,2019-11-05 18:10:27.095,136.393,120,True
2019-11-05 18:08:10.702,TIK,7111,GA05,2019-11-05 18:08:29.428,18.726,6,False
2019-11-05 18:08:10.900,MOK,40,QA16,2019-11-05 18:09:25.009,74.109,57,True
2019-11-05 18:08:11.298,SKM,08,QA17,2019-11-05 18:08:36.001,24.703,6,False
2019-11-05 18:08:11.685,KWT,6002,RA35,2019-11-05 18:08:34.010,22.325,11,False
2019-11-05 18:08:11.896,NTK,05,GA08,2019-11-05 18:08:35.569,23.673,9,False
2019-11-05 18:08:12.892,HOM,17,GA41,2019-11-05 18:08:47.557,34.665,21,False
2019-11-05 18:08:13.092,KOT,09,GA40,2019-11-05 18:09:44.057,90.965,75,True
2019-11-05 18:08:13.490,LOF,05,GA11,2019-11-05 18:08:36.998,23.508,6,False
2019-11-05 18:08:13.888,MOK,35,GA13,2019-11-05 18:09:45.510,91.622,11,False
2019-11-05 18:08:14.884,CHH,10,RA46,2019-11-05 18:09:30.189,75.305,58,True
2019-11-05 18:08:15.257,NTK,15,GA38,2019-11-05 18:08:42.562,27.305,12,False
2019-11-05 18:08:15.283,KOB,03,GA39,2019-11-05 18:08:32.615,17.332,7,False
2019-11-05 18:08:16.478,KWT,6016,QA02,2019-11-05 18:08:41.779,25.301,11,False
2019-11-05 18:08:17.076,TIK,7113,GA05,2019-11-05 18:08:42.178,25.102,25,False
2019-11-05 18:08:17.077,TIK,7104,QA36,2019-11-05 18:08:39.189,22.112,25,False
2019-11-05 18:08:17.618,HOM,08,QA42,2019-11-05 18:09:10.666,53.048,29,False
2019-11-05 18:08:17.873,KWT,6011,GA07,2019-11-05 18:08:37.197,19.324,5,False
2019-11-05 18:08:18.072,SKM,10,QA17,2019-11-05 18:09:35.169,77.097,10,False
2019-11-05 18:08:19.870,LAT,6109,GA06,2019-11-05 18:08:55.326,35.456,32,False
2019-11-05 18:08:20.263,LOF,07,GA11,2019-11-05 18:09:38.157,77.894,10,False
2019-11-05 18:08:21.869,KOB,10,QA01,2019-11-05 18:09:45.510,83.641,71,True
2019-11-05 18:08:21.870,NTK,07,GA08,2019-11-05 18:08:52.138,30.268,10,False
2019-11-05 18:08:22.869,SKM,03,GA12,2019-11-05 18:08:44.537,21.668,8,False
2019-11-05 18:08:23.053,KOB,05,GA39,2019-11-05 18:08:42.562,19.509,9,False
2019-11-05 18:08:23.252,NTK,02,RA35,2019-11-05 18:08:40.527,17.275,7,False
2019-11-05 18:08:23.650,YAT,7005,GA37,2019-11-05 18:08:44.169,20.519,19,False
2019-11-05 18:08:23.870,KWT,6013,GA07,2019-11-05 18:08:46.361,22.491,9,False
2019-11-05 18:08:23.870,YAT,7004,RA03,2019-11-05 18:08:42.178,18.308,19,False
2019-11-05 18:08:25.642,MOK,37,GA13,2019-11-05 18:09:50.509,84.867,69,True
2019-11-05 18:08:27.435,WHA,04,GA14,2019-11-05 18:08:55.326,27.891,11,False
2019-11-05 18:08:28.033,KWT,6001,GA38,2019-11-05 18:08:55.923,27.89,9,False
2019-11-05 18:08:28.232,KWT,6014,QA02,2019-11-05 18:08:52.138,23.906,9,False
2019-11-05 18:08:28.769,SKM,12,QA17,2019-11-05 18:09:44.502,75.733,64,True
2019-11-05 18:08:31.022,SKM,05,GA12,2019-11-05 18:08:53.533,22.511,8,False
2019-11-05 18:08:31.220,NTK,04,RA35,2019-11-05 18:08:55.526,24.306,7,False
2019-11-05 18:08:31.220,LOF,09,GA11,2019-11-05 18:09:47.683,76.463,65,True
2019-11-05 18:08:32.376,KOB,07,GA39,2019-11-05 18:09:02.057,29.681,13,False
2019-11-05 18:08:32.814,NTK,09,GA08,2019-11-05 18:09:51.104,78.29,15,False
2019-11-05 18:08:33.412,KWT,6015,GA07,2019-11-05 18:08:58.116,24.704,14,False
2019-11-05 18:08:34.807,HOM,19,GA41,2019-11-05 18:09:09.071,34.264,22,False
2019-11-05 18:08:37.766,KWT,6003,GA38,2019-11-05 18:09:01.868,24.102,7,False
2019-11-05 18:08:37.794,KWT,6012,QA02,2019-11-05 18:09:01.867,24.073,11,False
2019-11-05 18:08:38.392,NTK,06,RA35,2019-11-05 18:09:52.501,74.109,57,True
2019-11-05 18:08:39.388,WHA,02,GA14,2019-11-05 18:09:05.287,25.899,9,False
2019-11-05 18:08:39.977,SKM,07,GA12,2019-11-05 18:09:02.057,22.08,9,False
2019-11-05 18:08:40.526,WTS,12,RA19,2019-11-05 18:09:01.103,20.577,10,False
2019-11-05 18:08:41.181,LOF,12,QA18,2019-11-05 18:09:03.493,22.312,11,False
2019-11-05 18:08:42.563,TIK,7115,GA05,2019-11-05 18:08:46.162,3.599,0,False
2019-11-05 18:08:42.775,TIK,7102,QA36,2019-11-05 18:08:49.350,6.575,2,False
2019-11-05 18:08:42.974,YAT,7002,RA03,2019-11-05 18:08:49.350,6.376,2,False
2019-11-05 18:08:42.975,TIK,7149,GA05,2019-11-05 18:08:51.342,8.367,1,False
2019-11-05 18:08:43.572,YAT,7007,GA37,2019-11-05 18:09:07.876,24.304,17,False
2019-11-05 18:08:44.078,TIK,7120,GA05,2019-11-05 18:08:59.310,15.232,0,False
2019-11-05 18:08:44.568,TIK,7122,GA05,2019-11-05 18:09:38.356,53.788,,False
2019-11-05 18:08:45.165,LAT,6112,RA03,2019-11-05 18:09:20.228,35.063,21,False
2019-11-05 18:08:45.365,YAT,7012,QA36,2019-11-05 18:09:10.271,24.906,16,False
2019-11-05 18:08:45.564,KOB,09,GA39,2019-11-05 18:10:04.055,78.491,63,True
2019-11-05 18:08:45.565,KWT,6005,GA38,2019-11-05 18:09:12.858,27.293,6,False
2019-11-05 18:08:45.763,TIK,7122,QA05,2019-11-05 18:09:38.356,52.593,35,False
2019-11-05 18:08:47.557,HOM,10,QA42,2019-11-05 18:09:58.079,70.522,9,False
2019-11-05 18:08:48.154,LAT,6101,GA07,2019-11-05 18:09:01.302,13.148,5,False
2019-11-05 18:08:48.353,NTK,11,GA08,2019-11-05 18:10:03.659,75.306,59,True
2019-11-05 18:08:49.252,KWT,6010,QA02,2019-11-05 18:09:17.402,28.15,8,False
2019-11-05 18:08:49.253,HOM,20,GA14,2019-11-05 18:09:22.220,32.967,16,False
2019-11-05 18:08:49.350,SKM,09,GA12,2019-11-05 18:09:06.482,17.132,3,False
2019-11-05 18:08:50.544,WTS,14,RA19,2019-11-05 18:09:08.031,17.487,7,False
2019-11-05 18:08:51.939,KWT,6007,GA38,2019-11-05 18:10:10.032,78.093,60,True
2019-11-05 18:08:51.939,YAT,7001,GA06,2019-11-05 18:09:22.220,30.281,24,False
2019-11-05 18:08:52.719,SKM,11,GA12,2019-11-05 18:09:15.048,22.329,5,False
2019-11-05 18:08:52.719,LOF,14,QA18,2019-11-05 18:09:14.450,21.731,8,False
2019-11-05 18:08:53.732,LAT,6103,GA07,2019-11-05 18:09:22.141,28.409,8,False
2019-11-05 18:08:56.919,HOM,21,GA41,2019-11-05 18:09:31.583,34.664,21,False
2019-11-05 18:08:57.118,HOM,12,QA42,2019-11-05 18:10:05.450,68.332,51,True
2019-11-05 18:08:57.716,KWT,6008,QA02,2019-11-05 18:10:11.826,74.11,56,True
2019-11-05 18:08:57.915,SKM,13,GA12,2019-11-05 18:10:16.606,78.691,62,True
2019-11-05 18:08:58.115,LOF,02,RA19,2019-11-05 18:09:15.446,17.331,6,False
2019-11-05 18:09:00.506,DIH,12,QA20,2019-11-05 18:09:24.013,23.507,11,False
2019-11-05 18:09:01.431,KOT,02,QA18,2019-11-05 18:09:32.979,31.548,11,False
2019-11-05 18:09:01.431,YAT,7009,GA37,2019-11-05 18:09:24.212,22.781,15,False
2019-11-05 18:09:01.501,YAT,7010,QA36,2019-11-05 18:09:27.134,25.633,15,False
2019-11-05 18:09:01.900,LAT,6105,GA07,2019-11-05 18:10:17.204,75.304,64,True
2019-11-05 18:09:03.693,MOK,32B,RA44,2019-11-05 18:09:32.579,28.886,6,False
2019-11-05 18:09:03.892,WTS,07,GA10,2019-11-05 18:09:27.599,23.707,15,False
2019-11-05 18:09:04.291,LOF,04,RA19,2019-11-05 18:09:23.017,18.726,7,False
2019-11-05 18:09:05.286,YMT,42,RA43,2019-11-05 18:09:26.204,20.918,8,False
2019-11-05 18:09:05.685,HOM,18,GA14,2019-11-05 18:09:26.603,20.918,4,False
2019-11-05 18:09:06.880,LAT,6110,RA03,2019-11-05 18:09:37.360,30.48,17,False
2019-11-05 18:09:08.276,CHH,13A,GA09,2019-11-05 18:09:32.579,24.303,13,False
2019-11-05 18:09:08.276,MOK,42,QA16,2019-11-05 18:09:31.981,23.705,9,False
2019-11-05 18:09:10.421,HOM,22,GA14,2019-11-05 18:09:31.583,21.162,4,False
2019-11-05 18:09:10.421,MOK,34A,RA44,2019-11-05 18:09:38.556,28.135,8,False
2019-11-05 18:09:11.462,LOF,06,RA19,2019-11-05 18:09:38.556,27.094,8,False
2019-11-05 18:09:11.661,WTS,02,QA20,2019-11-05 18:09:33.974,22.313,9,False
2019-11-05 18:09:12.458,KOT,04,QA18,2019-11-05 18:09:47.105,34.647,14,False
2019-11-05 18:09:13.057,CHH,12,RA46,2019-11-05 18:09:36.165,23.108,10,False
2019-11-05 18:09:13.853,YMT,44,RA43,2019-11-05 18:09:37.118,23.265,13,False
2019-11-05 18:09:14.849,HOM,07,GA14,2019-11-05 18:09:40.548,25.699,5,False
2019-11-05 18:09:16.841,YAT,7003A,GA06,2019-11-05 18:10:15.213,58.372,0,False
2019-11-05 18:09:17.040,YAT,7003B,GA06,2019-11-05 18:10:19.130,62.09,0,False
2019-11-05 18:09:17.200,YAT,7003C,GA06,2019-11-05 18:10:22.383,65.183,2,False
2019-11-05 18:09:17.239,TIK,7101,GA37,2019-11-05 18:09:56.286,39.047,31,False
2019-11-05 18:09:17.402,MOK,44,QA16,2019-11-05 18:09:37.118,19.716,5,False
2019-11-05 18:09:17.402,YAT,7008,QA36,2019-11-05 18:09:42.342,24.94,11,False
2019-11-05 18:09:18.037,YMT,31,GA41,2019-11-05 18:09:42.142,24.105,12,False
2019-11-05 18:09:18.435,MOK,34B,RA44,2019-11-05 18:09:44.057,25.622,12,False
2019-11-05 18:09:19.630,WTS,09,GA10,2019-11-05 18:09:35.567,15.937,7,False
2019-11-05 18:09:19.829,YAT,7003D,GA06,2019-11-05 18:10:25.173,65.344,51,True
2019-11-05 18:09:20.228,HOM,09,GA14,2019-11-05 18:10:24.575,64.347,7,False
2019-11-05 18:09:20.428,LOF,08,RA19,2019-11-05 18:10:44.497,84.069,10,False
2019-11-05 18:09:20.996,WTS,04,QA20,2019-11-05 18:09:42.541,21.545,9,False
2019-11-05 18:09:21.585,CHH,15,GA09,2019-11-05 18:09:40.514,18.929,8,False
2019-11-05 18:09:21.586,TIK,7120,QA05,2019-11-05 18:09:48.288,26.702,7,False
2019-11-05 18:09:22.813,MOK,46,QA16,2019-11-05 18:09:45.510,22.697,10,False
2019-11-05 18:09:23.415,KOT,12,RA45,2019-11-05 18:09:43.138,19.723,10,False
2019-11-05 18:09:23.614,CHH,14,RA46,2019-11-05 18:09:42.142,18.528,6,False
2019-11-05 18:09:23.927,LAT,6108,RA03,2019-11-05 18:09:52.303,28.376,5,False
2019-11-05 18:09:27.001,HOM,02,RA43,2019-11-05 18:10:00.815,33.814,21,False
2019-11-05 18:09:27.001,KOT,06,QA18,2019-11-05 18:10:02.055,35.054,13,False
2019-11-05 18:09:27.399,WTS,11,GA10,2019-11-05 18:09:43.536,16.137,5,False
2019-11-05 18:09:27.998,HOM,11,GA14,2019-11-05 18:10:33.938,65.94,46,True
2019-11-05 18:09:28.173,KOT,11,GA40,2019-11-05 18:09:53.099,24.926,14,False
2019-11-05 18:09:28.684,YAT,7006C,QA36,2019-11-05 18:10:39.118,70.434,2,False
2019-11-05 18:09:29.151,TIK,7118,QA05,2019-11-05 18:09:58.617,29.466,14,False
2019-11-05 18:09:29.392,LAT,6106,RA03,2019-11-05 18:10:50.569,81.177,14,False
2019-11-05 18:09:29.731,CHH,17,GA09,2019-11-05 18:09:47.682,17.951,7,False
2019-11-05 18:09:29.977,CHH,16,RA46,2019-11-05 18:09:46.126,16.149,3,False
2019-11-05 18:09:30.388,YMT,33,GA41,2019-11-05 18:09:52.501,22.113,4,False
2019-11-05 18:09:30.786,WTS,06,QA20,2019-11-05 18:09:57.084,26.298,7,False
2019-11-05 18:09:30.985,MOK,36,RA44,2019-11-05 18:10:06.012,35.027,13,False
2019-11-05 18:09:31.384,LOF,10,RA19,2019-11-05 18:10:53.076,81.692,70,True
2019-11-05 18:09:31.584,YAT,7006B,QA36,2019-11-05 18:10:45.095,73.511,11,False
2019-11-05 18:09:32.778,SKM,14,QA17,2019-11-05 18:09:50.110,17.332,6,False
2019-11-05 18:09:32.978,YMT,32,QA16,2019-11-05 18:09:53.497,20.519,7,False
2019-11-05 18:09:33.377,DIH,01,GA10,2019-11-05 18:09:55.688,22.311,7,False
2019-11-05 18:09:33.576,CHH,18,RA46,2019-11-05 18:09:50.110,16.534,3,False
2019-11-05 18:09:33.775,KOB,12,QA01,2019-11-05 18:09:54.556,20.781,11,False
2019-11-05 18:09:34.173,KOT,14,RA45,2019-11-05 18:09:50.110,15.937,7,False
2019-11-05 18:09:34.481,YMT,35,GA41,2019-11-05 18:11:01.032,86.551,69,True
2019-11-05 18:09:34.971,MOK,39,GA13,2019-11-05 18:09:56.045,21.074,7,False
2019-11-05 18:09:36.364,NTK,08,RA35,2019-11-05 18:10:02.463,26.099,14,False
2019-11-05 18:09:36.563,LOF,11,GA11,2019-11-05 18:09:56.045,19.482,11,False
2019-11-05 18:09:36.764,CHH,19,GA09,2019-11-05 18:09:54.556,17.792,6,False
2019-11-05 18:09:37.360,CHH,20,RA46,2019-11-05 18:09:54.556,17.196,5,False
2019-11-05 18:09:37.958,WTS,08,QA20,2019-11-05 18:10:49.676,71.718,11,False
2019-11-05 18:09:39.153,SKM,16,QA17,2019-11-05 18:09:54.096,14.943,3,False
2019-11-05 18:09:40.349,YMT,34,QA16,2019-11-05 18:09:55.688,15.339,1,False
2019-11-05 18:09:40.514,DIH,03,GA10,2019-11-05 18:10:48.481,67.967,8,False
2019-11-05 18:09:40.946,KOT,08,QA18,2019-11-05 18:11:02.591,81.645,14,False
2019-11-05 18:09:41.743,KOT,16,RA45,2019-11-05 18:09:57.084,15.341,6,False
2019-11-05 18:09:42.143,MOK,41,GA13,2019-11-05 18:10:01.067,18.924,5,False
2019-11-05 18:09:42.342,YMT,36,QA16,2019-11-05 18:10:04.618,22.276,5,False
2019-11-05 18:09:42.739,SKM,18,QA17,2019-11-05 18:10:02.681,19.942,8,False
2019-11-05 18:09:42.740,KOT,13,GA40,2019-11-05 18:10:00.470,17.73,9,False
2019-11-05 18:09:42.938,DIH,02,RA46,2019-11-05 18:10:02.055,19.117,9,False
2019-11-05 18:09:43.337,TIK,7116,QA05,2019-11-05 18:10:40.268,56.931,5,False
2019-11-05 18:09:43.337,YAT,7006A,QA36,2019-11-05 18:10:50.569,67.232,56,True
2019-11-05 18:09:43.478,LAT,6104,RA03,2019-11-05 18:10:57.247,73.769,58,True
2019-11-05 18:09:43.478,CHH,21,GA09,2019-11-05 18:10:02.055,18.577,7,False
2019-11-05 18:09:44.532,MOK,38,RA44,2019-11-05 18:10:58.628,74.096,12,False
2019-11-05 18:09:44.931,KOB,14,QA01,2019-11-05 18:10:02.463,17.532,7,False
2019-11-05 18:09:47.655,YMT,38,QA16,2019-11-05 18:10:12.623,24.968,2,False
2019-11-05 18:09:47.720,MOK,43,GA13,2019-11-05 18:10:06.012,18.292,5,False
2019-11-05 18:09:47.919,LOF,13,GA11,2019-11-05 18:10:04.618,16.699,7,False
2019-11-05 18:09:48.118,NTK,13,GA08,2019-11-05 18:10:14.614,26.496,13,False
2019-11-05 18:09:48.317,HOM,04,RA43,2019-11-05 18:10:16.606,28.289,15,False
2019-11-05 18:09:48.517,HOM,14,QA42,2019-11-05 18:10:09.833,21.316,7,False
2019-11-05 18:09:48.717,SKM,02,RA45,2019-11-05 18:10:04.055,15.338,5,False
2019-11-05 18:09:48.915,KOB,11,GA39,2019-11-05 18:10:14.216,25.301,14,False
2019-11-05 18:09:48.915,TIK,7103,GA37,2019-11-05 18:10:09.164,20.249,17,False
2019-11-05 18:09:49.073,TIK,7114,QA05,2019-11-05 18:10:55.254,66.181,42,False
2019-11-05 18:09:49.313,DIH,05,GA10,2019-11-05 18:10:58.628,69.315,55,True
2019-11-05 18:09:49.713,WTS,10,QA20,2019-11-05 18:10:58.628,68.915,56,True
2019-11-05 18:09:50.309,YMT,40,QA16,2019-11-05 18:11:19.160,88.851,72,True
2019-11-05 18:09:50.678,KOB,01,GA09,2019-11-05 18:10:09.634,18.956,6,False
2019-11-05 18:09:50.907,NTK,10,RA35,2019-11-05 18:10:11.028,20.121,9,False
2019-11-05 18:09:51.505,SKM,20,QA17,2019-11-05 18:10:16.009,24.504,9,False
2019-11-05 18:09:51.904,KOT,15,GA40,2019-11-05 18:10:07.641,15.737,5,False
2019-11-05 18:09:52.102,DIH,04,RA46,2019-11-05 18:10:09.037,16.935,5,False
2019-11-05 18:09:52.303,KWT,6009,GA38,2019-11-05 18:10:14.813,22.51,7,False
2019-11-05 18:09:52.638,KOB,16,QA01,2019-11-05 18:10:11.626,18.988,9,False
2019-11-05 18:09:53.298,MOK,45,GA13,2019-11-05 18:10:25.173,31.875,11,False
2019-11-05 18:09:54.493,KWT,6006,QA02,2019-11-05 18:10:16.407,21.914,6,False
2019-11-05 18:09:54.694,SKM,04,RA45,2019-11-05 18:10:10.630,15.936,5,False
2019-11-05 18:09:55.092,KOT,10,QA18,2019-11-05 18:11:11.192,76.1,65,True
2019-11-05 18:09:55.888,WTS,01,GA11,2019-11-05 18:10:13.550,17.662,9,False
2019-11-05 18:09:56.485,HOM,16,QA42,2019-11-05 18:10:12.223,15.738,3,False
2019-11-05 18:09:56.624,MOK,40,RA44,2019-11-05 18:11:05.017,68.393,53,True
2019-11-05 18:09:57.450,KOB,03,GA09,2019-11-05 18:10:18.998,21.548,8,False
2019-11-05 18:09:57.880,LOF,01,GA40,2019-11-05 18:10:13.550,15.67,6,False
2019-11-05 18:09:58.079,DIH,06,RA46,2019-11-05 18:10:28.161,30.082,10,False
2019-11-05 18:09:59.681,HOM,18,QA42,2019-11-05 18:10:15.610,15.929,4,False
2019-11-05 18:10:00.072,KWT,6011,GA38,2019-11-05 18:10:20.192,20.12,6,False
2019-11-05 18:10:00.270,SKM,15,GA12,2019-11-05 18:10:24.575,24.305,13,False
2019-11-05 18:10:00.680,SKM,06,RA45,2019-11-05 18:10:18.598,17.918,6,False
2019-11-05 18:10:00.868,NTK,12,RA35,2019-11-05 18:10:14.216,13.348,3,False
2019-11-05 18:10:01.266,KWT,6004,QA02,2019-11-05 18:10:21.188,19.922,6,False
2019-11-05 18:10:01.466,SKM,22A,QA17,2019-11-05 18:10:22.184,20.718,2,False
2019-11-05 18:10:02.055,NTK,15,GA08,2019-11-05 18:10:25.571,23.516,11,False
2019-11-05 18:10:02.462,CHH,02,QA01,2019-11-05 18:10:22.583,20.121,11,False
2019-11-05 18:10:03.177,KOB,13,GA39,2019-11-05 18:10:22.584,19.407,9,False
2019-11-05 18:10:04.056,SKM,22B,QA17,2019-11-05 18:11:19.559,75.503,3,False
2019-11-05 18:10:04.255,HOM,06,RA43,2019-11-05 18:10:40.432,36.177,19,False
2019-11-05 18:10:04.255,NTK,14,RA35,2019-11-05 18:10:18.998,14.743,6,False
2019-11-05 18:10:04.454,HOM,20,QA42,2019-11-05 18:10:26.368,21.914,,False
2019-11-05 18:10:04.790,LOF,03,GA40,2019-11-05 18:10:20.591,15.801,5,False
2019-11-05 18:10:05.052,MOK,47,GA13,2019-11-05 18:11:43.664,98.612,81,True
2019-11-05 18:10:05.251,WTS,03,GA11,2019-11-05 18:10:29.555,24.304,5,False
2019-11-05 18:10:05.649,KOB,05,GA09,2019-11-05 18:10:30.551,24.902,12,False
2019-11-05 18:10:06.048,HOM,20,GA42,2019-11-05 18:10:26.368,20.32,9,False
2019-11-05 18:10:06.439,KWT,6013,GA38,2019-11-05 18:10:30.670,24.231,9,False
2019-11-05 18:10:06.633,LAT,6107,GA07,2019-11-05 18:10:23.181,16.548,6,False
2019-11-05 18:10:06.633,TIK,7105,GA37,2019-11-05 18:10:16.209,9.576,0,False
2019-11-05 18:10:06.634,TIK,7107,GA37,2019-11-05 18:10:25.173,18.539,4,False
2019-11-05 18:10:07.243,SKM,08,RA45,2019-11-05 18:10:34.536,27.293,7,False
2019-11-05 18:10:08.040,SKM,22C,QA17,2019-11-05 18:11:25.087,77.047,4,False
2019-11-05 18:10:08.239,DIH,08,RA46,2019-11-05 18:11:25.535,77.296,11,False
2019-11-05 18:10:08.240,KWT,6002,QA02,2019-11-05 18:10:30.670,22.43,10,False
2019-11-05 18:10:10.011,LOF,05,GA40,2019-11-05 18:10:33.540,23.529,7,False
2019-11-05 18:10:10.687,KOB,02,RA35,2019-11-05 18:10:27.564,16.877,7,False
2019-11-05 18:10:10.829,YAT,7005,GA06,2019-11-05 18:10:30.352,19.523,13,False
2019-11-05 18:10:11.028,TIK,7110,RA04,2019-11-05 18:10:34.312,23.284,13,False
2019-11-05 18:10:11.028,TIK,7109A,GA37,2019-11-05 18:11:23.146,72.118,6,False
2019-11-05 18:10:11.227,WTS,05,GA11,2019-11-05 18:11:30.117,78.89,64,True
2019-11-05 18:10:13.020,MOK,32A,QA17,2019-11-05 18:11:30.117,77.097,60,True
2019-11-05 18:10:13.110,KOB,15,GA39,2019-11-05 18:10:29.555,16.445,7,False
2019-11-05 18:10:13.419,KWT,6001,GA08,2019-11-05 18:10:38.259,24.84,8,False
2019-11-05 18:10:13.551,LAT,6109,GA07,2019-11-05 18:10:45.293,31.742,26,False
2019-11-05 18:10:14.017,SKM,17,GA12,2019-11-05 18:10:32.121,18.104,9,False
2019-11-05 18:10:14.415,CHH,04,QA01,2019-11-05 18:10:35.102,20.687,9,False
2019-11-05 18:10:14.614,HOM,13,GA14,2019-11-05 18:10:38.122,23.508,7,False
2019-11-05 18:10:15.012,SKM,10,RA45,2019-11-05 18:11:39.083,84.071,11,False
2019-11-05 18:10:15.809,WHA,02,GA42,2019-11-05 18:10:34.312,18.503,6,False
2019-11-05 18:10:15.810,KWT,6015,GA38,2019-11-05 18:10:42.705,26.895,15,False
2019-11-05 18:10:17.204,TIK,7109B,GA37,2019-11-05 18:11:28.324,71.12,7,False
2019-11-05 18:10:17.403,LOF,07,GA40,2019-11-05 18:11:28.125,70.722,10,False
2019-11-05 18:10:17.973,KOB,07,GA09,2019-11-05 18:10:49.477,31.504,13,False
2019-11-05 18:10:17.974,KOB,04,RA35,2019-11-05 18:10:35.532,17.558,8,False
2019-11-05 18:10:18.599,NTK,02,QA02,2019-11-05 18:10:36.087,17.488,9,False
2019-11-05 18:10:19.594,DIH,10,RA46,2019-11-05 18:11:34.699,75.105,62,True
2019-11-05 18:10:20.989,NTK,01,GA39,2019-11-05 18:10:35.102,14.113,6,False
2019-11-05 18:10:21.786,HOM,15,GA14,2019-11-05 18:10:51.469,29.683,13,False
2019-11-05 18:10:21.971,KWT,6003,GA08,2019-11-05 18:10:43.703,21.732,5,False
2019-11-05 18:10:22.184,WHA,04,GA42,2019-11-05 18:10:47.884,25.7,6,False
2019-11-05 18:10:23.542,SKM,19,GA12,2019-11-05 18:10:39.118,15.576,6,False
2019-11-05 18:10:23.779,HOM,08,RA43,2019-11-05 18:11:18.164,54.385,30,False
2019-11-05 18:10:24.177,CHH,06,QA01,2019-11-05 18:10:45.094,20.917,7,False
2019-11-05 18:10:24.774,YAT,7007,GA06,2019-11-05 18:10:54.258,29.484,21,False
2019-11-05 18:10:24.973,TIK,7108,RA04,2019-11-05 18:10:40.268,15.295,6,False
2019-11-05 18:10:25.173,TIK,7109C,GA37,2019-11-05 18:11:37.090,71.917,58,True
2019-11-05 18:10:26.766,SKM,12,RA45,2019-11-05 18:11:48.047,81.281,69,True
2019-11-05 18:10:26.965,KOB,06,RA35,2019-11-05 18:10:50.568,23.603,7,False
2019-11-05 18:10:27.095,NTK,03,GA39,2019-11-05 18:10:37.126,10.031,1,False
2019-11-05 18:10:27.364,KWT,6005,GA08,2019-11-05 18:10:54.457,27.093,5,False
2019-11-05 18:10:27.962,NTK,04,QA02,2019-11-05 18:10:51.076,23.114,6,False
2019-11-05 18:10:28.161,LOF,09,GA40,2019-11-05 18:11:37.688,69.527,59,True
2019-11-05 18:10:28.559,WHA,06,GA42,2019-11-05 18:12:38.449,129.89,111,True
2019-11-05 18:10:28.759,NTK,05,GA39,2019-11-05 18:10:45.493,16.734,6,False
2019-11-05 18:10:29.755,SKM,21,GA12,2019-11-05 18:10:44.498,14.743,6,False
2019-11-05 18:10:31.348,LAT,6101,GA38,2019-11-05 18:10:46.290,14.942,8,False
2019-11-05 18:10:31.547,TIK,7106,RA04,2019-11-05 18:11:01.231,29.684,27,False
2019-11-05 18:10:31.747,TIK,7112C,QA05,2019-11-05 18:12:24.471,112.724,8,False
2019-11-05 18:10:31.946,KOB,09,GA09,2019-11-05 18:11:51.633,79.687,64,True
2019-11-05 18:10:32.122,CHH,08,QA01,2019-11-05 18:10:55.653,23.531,4,False
2019-11-05 18:10:33.340,KWT,6007,GA08,2019-11-05 18:11:51.234,77.894,60,True
2019-11-05 18:10:34.337,KOB,08,RA35,2019-11-05 18:11:53.625,79.288,11,False
2019-11-05 18:10:34.536,NTK,06,QA02,2019-11-05 18:11:54.621,80.085,64,True
2019-11-05 18:10:35.333,NTK,07,GA39,2019-11-05 18:10:58.043,22.71,8,False
2019-11-05 18:10:35.731,HOM,17,GA14,2019-11-05 18:11:11.391,35.66,24,False
2019-11-05 18:10:36.330,KOT,01,GA12,2019-11-05 18:10:50.568,14.238,6,False
2019-11-05 18:10:36.927,CHH,10,QA01,2019-11-05 18:11:57.609,80.682,63,True
2019-11-05 18:10:38.700,HOM,05,GA15,2019-11-05 18:11:04.599,25.899,9,False
2019-11-05 18:10:39.716,LAT,6103,GA38,2019-11-05 18:11:07.207,27.491,5,False
2019-11-05 18:10:39.915,YAT,7001,GA07,2019-11-05 18:11:13.184,33.269,19,False
2019-11-05 18:10:39.915,YAT,7004,QA36,2019-11-05 18:10:54.258,14.343,2,False
2019-11-05 18:10:39.916,TIK,7112B,QA05,2019-11-05 18:12:29.285,109.369,4,False
2019-11-05 18:10:41.709,LOF,12,RA19,2019-11-05 18:11:02.028,20.319,11,False
2019-11-05 18:10:41.891,LAT,6102,RA03,2019-11-05 18:11:01.231,19.34,7,False
2019-11-05 18:10:42.106,YAT,7002,QA36,2019-11-05 18:11:01.147,19.041,16,False
2019-11-05 18:10:42.504,KOT,03,GA12,2019-11-05 18:10:57.047,14.543,4,False
2019-11-05 18:10:44.098,TIK,7112A,QA05,2019-11-05 18:12:37.254,113.156,102,True
2019-11-05 18:10:44.099,YMT,37,GA41,2019-11-05 18:11:04.599,20.5,6,False
2019-11-05 18:10:44.297,NTK,09,GA39,2019-11-05 18:11:58.605,74.308,10,False
2019-11-05 18:10:45.293,DIH,07,GA10,2019-11-05 18:11:06.610,21.317,8,False
2019-11-05 18:10:45.702,LAT,6105,GA38,2019-11-05 18:12:09.364,83.662,64,True
2019-11-05 18:10:45.891,YAT,7009,GA06,2019-11-05 18:11:09.200,23.309,23,False
2019-11-05 18:10:46.091,KOB,10,RA35,2019-11-05 18:12:03.587,77.496,65,True
2019-11-05 18:10:46.290,WTS,12,QA20,2019-11-05 18:11:07.606,21.316,10,False
2019-11-05 18:10:47.287,KOT,05,GA12,2019-11-05 18:11:03.621,16.334,7,False
2019-11-05 18:10:48.282,HOM,07,GA15,2019-11-05 18:11:13.956,25.674,4,False
2019-11-05 18:10:49.278,KWT,6016,RA03,2019-11-05 18:11:14.379,25.101,11,False
2019-11-05 18:10:49.676,MOK,42,RA44,2019-11-05 18:11:13.582,23.906,8,False
2019-11-05 18:10:51.076,YMT,39,GA41,2019-11-05 18:11:11.590,20.514,6,False
2019-11-05 18:10:52.864,HOM,09,GA15,2019-11-05 18:12:15.539,82.675,8,False
2019-11-05 18:10:53.661,LOF,14,RA19,2019-11-05 18:11:11.590,17.929,7,False
2019-11-05 18:10:53.860,DIH,09,GA10,2019-11-05 18:11:14.978,21.118,9,False
2019-11-05 18:10:54.427,KOT,07,GA12,2019-11-05 18:11:17.168,22.741,6,False
2019-11-05 18:10:54.657,HOM,10,RA43,2019-11-05 18:12:16.336,81.679,8,False
2019-11-05 18:10:54.856,NTK,11,GA39,2019-11-05 18:12:08.567,73.711,61,True
2019-11-05 18:10:57.247,WTS,14,QA20,2019-11-05 18:11:13.981,16.734,6,False
2019-11-05 18:10:57.844,MOK,44,RA44,2019-11-05 18:11:23.521,25.677,4,False
2019-11-05 18:10:57.844,YMT,41,GA41,2019-11-05 18:11:20.556,22.712,9,False
2019-11-05 18:10:59.040,LAT,6112,QA36,2019-11-05 18:11:31.313,32.273,17,False
2019-11-05 18:10:59.239,TIK,7104,RA04,2019-11-05 18:11:12.188,12.949,14,False
2019-11-05 18:10:59.438,YAT,7003A,GA07,2019-11-05 18:12:09.364,69.926,0,False
2019-11-05 18:10:59.836,YAT,7003B,GA07,2019-11-05 18:12:15.341,75.505,14,False
2019-11-05 18:11:00.235,HOM,19,GA14,2019-11-05 18:11:35.961,35.726,22,False
2019-11-05 18:11:00.434,KOT,12,QA18,2019-11-05 18:11:20.157,19.723,10,False
2019-11-05 18:11:00.435,KOT,09,GA12,2019-11-05 18:12:32.473,92.038,76,True
2019-11-05 18:11:00.832,KOT,02,RA19,2019-11-05 18:11:21.153,20.321,8,False
2019-11-05 18:11:01.032,KWT,6014,RA03,2019-11-05 18:11:23.344,22.312,9,False
2019-11-05 18:11:01.814,HOM,11,GA15,2019-11-05 18:12:24.105,82.291,64,True
2019-11-05 18:11:02.591,YMT,42,QA16,2019-11-05 18:11:23.543,20.952,8,False
2019-11-05 18:11:02.625,MOK,46,RA44,2019-11-05 18:11:37.091,34.466,14,False
2019-11-05 18:11:02.994,HOM,12,RA43,2019-11-05 18:12:25.301,82.307,63,True
2019-11-05 18:11:03.621,CHH,01,GA10,2019-11-05 18:11:21.153,17.532,6,False
2019-11-05 18:11:04.219,LOF,02,QA20,2019-11-05 18:11:22.149,17.93,6,False
2019-11-05 18:11:07.607,MOK,31,GA41,2019-11-05 18:11:28.524,20.917,8,False
2019-11-05 18:11:09.399,KOT,04,RA19,2019-11-05 18:11:31.487,22.088,8,False
2019-11-05 18:11:09.399,TIK,7101,GA06,2019-11-05 18:11:41.274,31.875,20,False
2019-11-05 18:11:10.395,LOF,04,QA20,2019-11-05 18:11:30.117,19.722,7,False
2019-11-05 18:11:10.395,CHH,03,GA10,2019-11-05 18:11:26.133,15.738,5,False
2019-11-05 18:11:10.794,YMT,44,QA16,2019-11-05 18:11:34.699,23.905,13,False
2019-11-05 18:11:10.993,KWT,6012,RA03,2019-11-05 18:11:33.903,22.91,10,False
2019-11-05 18:11:11.392,KOT,14,QA18,2019-11-05 18:11:27.528,16.136,6,False
2019-11-05 18:11:13.583,MOK,32B,QA17,2019-11-05 18:11:33.107,19.524,6,False
2019-11-05 18:11:13.955,TIK,7102,RA04,2019-11-05 18:11:23.146,9.191,0,False
2019-11-05 18:11:13.956,YAT,7003C,GA07,2019-11-05 18:12:16.337,62.381,0,False
2019-11-05 18:11:14.180,YAT,7003D,GA07,2019-11-05 18:12:20.320,66.14,57,True
2019-11-05 18:11:14.779,YAT,7012,RA04,2019-11-05 18:11:44.262,29.483,19,False
2019-11-05 18:11:15.775,WTS,07,GA11,2019-11-05 18:11:39.083,23.308,13,False
2019-11-05 18:11:16.172,CHH,05,GA10,2019-11-05 18:11:31.487,15.315,4,False
2019-11-05 18:11:16.371,MOK,33,GA41,2019-11-05 18:11:43.664,27.293,9,False
2019-11-05 18:11:16.727,LAT,6110,QA36,2019-11-05 18:11:50.208,33.481,19,False
2019-11-05 18:11:16.969,YMT,32,RA44,2019-11-05 18:11:44.461,27.492,14,False
2019-11-05 18:11:17.766,LOF,06,QA20,2019-11-05 18:11:45.457,27.691,9,False
2019-11-05 18:11:18.364,KOT,06,RA19,2019-11-05 18:11:46.650,28.286,8,False
2019-11-05 18:11:18.365,KOT,16,QA18,2019-11-05 18:11:35.961,17.596,7,False
2019-11-05 18:11:20.356,MOK,34A,QA17,2019-11-05 18:11:37.688,17.332,6,False
2019-11-05 18:11:20.555,CHH,07,GA10,2019-11-05 18:11:34.500,13.945,2,False
2019-11-05 18:11:21.750,KWT,6010,RA03,2019-11-05 18:11:49.043,27.293,7,False
2019-11-05 18:11:21.949,DIH,12,RA46,2019-11-05 18:11:45.457,23.508,10,False
2019-11-05 18:11:22.924,HOM,21,GA14,2019-11-05 18:11:58.008,35.084,21,False
2019-11-05 18:11:23.344,CHH,09B,GA10,2019-11-05 18:11:51.035,27.691,8,False
2019-11-05 18:11:23.942,TIK,7111,GA37,2019-11-05 18:11:41.274,17.332,3,False
2019-11-05 18:11:24.142,HOM,02,QA16,2019-11-05 18:11:57.012,32.87,21,False
2019-11-05 18:11:25.735,MOK,35,GA41,2019-11-05 18:12:51.001,85.266,10,False
2019-11-05 18:11:25.934,SKM,02,QA18,2019-11-05 18:11:45.457,19.523,6,False
2019-11-05 18:11:26.531,SKM,01,GA13,2019-11-05 18:11:51.633,25.102,11,False
2019-11-05 18:11:26.930,MOK,34B,QA17,2019-11-05 18:11:42.070,15.14,5,False
2019-11-05 18:11:27.130,KOT,08,RA19,2019-11-05 18:13:09.128,101.998,12,False
2019-11-05 18:11:27.329,TIK,7113,GA37,2019-11-05 18:11:55.559,28.23,14,False
2019-11-05 18:11:27.329,LOF,11,GA40,2019-11-05 18:11:46.650,19.321,10,False
2019-11-05 18:11:27.727,LOF,08,QA20,2019-11-05 18:12:42.234,74.507,11,False
2019-11-05 18:11:29.121,KWT,6008,RA03,2019-11-05 18:12:55.980,86.859,68,True
2019-11-05 18:11:29.520,WTS,09,GA11,2019-11-05 18:11:47.266,17.746,9,False
2019-11-05 18:11:29.918,TIK,7103,GA06,2019-11-05 18:11:55.559,25.641,17,False
2019-11-05 18:11:31.109,YMT,34,RA44,2019-11-05 18:11:46.055,14.946,2,False
2019-11-05 18:11:31.910,CHH,11,GA10,2019-11-05 18:12:49.008,77.098,62,True
2019-11-05 18:11:32.110,MOK,36,QA17,2019-11-05 18:12:01.594,29.484,10,False
2019-11-05 18:11:32.309,SKM,04,QA18,2019-11-05 18:11:55.560,23.251,8,False
2019-11-05 18:11:32.708,WTS,02,RA46,2019-11-05 18:11:54.223,21.515,9,False
2019-11-05 18:11:33.504,YMT,36,RA44,2019-11-05 18:11:54.622,21.118,4,False
2019-11-05 18:11:33.703,KWT,6009,GA08,2019-11-05 18:11:56.535,22.832,8,False
2019-11-05 18:11:34.700,YAT,7010,RA04,2019-11-05 18:12:00.199,25.499,15,False
2019-11-05 18:11:35.962,MOK,37,GA41,2019-11-05 18:12:55.582,79.62,64,True
2019-11-05 18:11:36.457,LAT,6108,QA36,2019-11-05 18:12:06.052,29.595,5,False
2019-11-05 18:11:36.457,KOB,11,GA09,2019-11-05 18:12:00.997,24.54,13,False
2019-11-05 18:11:36.493,SKM,14,RA45,2019-11-05 18:11:53.625,17.132,6,False
2019-11-05 18:11:37.488,LOF,13,GA40,2019-11-05 18:11:55.021,17.533,7,False
2019-11-05 18:11:37.887,YMT,38,RA44,2019-11-05 18:12:03.587,25.7,4,False
2019-11-05 18:11:38.485,SKM,03,GA13,2019-11-05 18:11:59.004,20.519,8,False
2019-11-05 18:11:38.883,LOF,10,QA20,2019-11-05 18:12:51.001,72.118,60,True
2019-11-05 18:11:39.083,WTS,11,GA11,2019-11-05 18:11:54.622,15.539,5,False
2019-11-05 18:11:39.281,NTK,08,QA02,2019-11-05 18:12:06.051,26.77,13,False
2019-11-05 18:11:39.481,KOT,10,RA19,2019-11-05 18:13:17.497,98.016,86,True
2019-11-05 18:11:40.277,CHH,12,QA01,2019-11-05 18:12:03.586,23.309,9,False
2019-11-05 18:11:41.074,SKM,06,QA18,2019-11-05 18:12:05.180,24.106,10,False
2019-11-05 18:11:41.886,TIK,7115,GA37,2019-11-05 18:12:00.199,18.313,,False
2019-11-05 18:11:41.956,LAT,6106,QA36,2019-11-05 18:12:49.406,67.45,8,False
2019-11-05 18:11:42.070,YMT,40,RA44,2019-11-05 18:13:02.156,80.086,63,True
2019-11-05 18:11:42.270,WTS,04,RA46,2019-11-05 18:12:01.992,19.722,7,False
2019-11-05 18:11:42.630,KWT,6011,GA08,2019-11-05 18:12:02.391,19.761,4,False
2019-11-05 18:11:42.879,MOK,38,QA17,2019-11-05 18:12:54.785,71.906,9,False
2019-11-05 18:11:43.067,SKM,16,RA45,2019-11-05 18:11:57.211,14.144,3,False
2019-11-05 18:11:43.879,TIK,7115,RA37,2019-11-05 18:12:00.199,16.32,3,False
2019-11-05 18:11:44.622,YMT,31,GA14,2019-11-05 18:12:10.559,25.937,12,False
2019-11-05 18:11:44.660,DIH,01,GA11,2019-11-05 18:12:06.574,21.914,7,False
2019-11-05 18:11:45.258,WTS,01,GA40,2019-11-05 18:12:04.184,18.926,9,False
2019-11-05 18:11:45.656,HOM,04,QA16,2019-11-05 18:12:12.751,27.095,15,False
2019-11-05 18:11:46.852,SKM,05,GA13,2019-11-05 18:12:07.172,20.32,7,False
2019-11-05 18:11:46.853,SKM,18,RA45,2019-11-05 18:12:06.051,19.198,8,False
2019-11-05 18:11:47.419,KWT,6013,GA08,2019-11-05 18:12:13.945,26.526,10,False
2019-11-05 18:11:47.419,TIK,7149,RA37,2019-11-05 18:12:06.176,18.757,0,False
2019-11-05 18:11:47.419,TIK,7105,GA06,2019-11-05 18:12:06.176,18.757,5,False
2019-11-05 18:11:47.849,TIK,7120,RA37,2019-11-05 18:12:14.144,26.295,4,False
2019-11-05 18:11:49.991,YAT,7008,RA04,2019-11-05 18:12:15.341,25.35,15,False
2019-11-05 18:11:49.991,WTS,06,RA46,2019-11-05 18:12:15.539,25.548,7,False
2019-11-05 18:11:50.238,CHH,14,QA01,2019-11-05 18:12:09.563,19.325,6,False
2019-11-05 18:11:50.438,KOB,13,GA09,2019-11-05 18:12:09.563,19.125,9,False
2019-11-05 18:11:50.637,LAT,6107,GA38,2019-11-05 18:12:14.344,23.707,14,False
2019-11-05 18:11:50.837,LAT,6104,QA36,2019-11-05 18:12:57.175,66.338,52,True
2019-11-05 18:11:51.633,SKM,08,QA18,2019-11-05 18:12:20.520,28.887,8,False
2019-11-05 18:11:51.829,DIH,03,GA11,2019-11-05 18:12:56.976,65.147,8,False
2019-11-05 18:11:51.830,KOB,12,RA35,2019-11-05 18:12:12.152,20.322,11,False
2019-11-05 18:11:52.610,TIK,7107,GA06,2019-11-05 18:12:14.120,21.51,12,False
2019-11-05 18:11:52.802,TIK,7122,RA37,2019-11-05 18:13:36.222,103.42,88,False
2019-11-05 18:11:52.802,MOK,40,QA17,2019-11-05 18:13:01.160,68.358,52,True
2019-11-05 18:11:53.027,NTK,10,QA02,2019-11-05 18:12:17.133,24.106,11,False
2019-11-05 18:11:54.821,SKM,07,GA13,2019-11-05 18:12:14.119,19.298,8,False
2019-11-05 18:11:55.020,SKM,20,RA45,2019-11-05 18:12:19.125,24.105,10,False
2019-11-05 18:11:55.212,WTS,03,GA40,2019-11-05 18:12:19.523,24.311,5,False
2019-11-05 18:11:56.016,NTK,13,GA39,2019-11-05 18:12:17.134,21.118,10,False
2019-11-05 18:11:56.535,CHH,16,QA01,2019-11-05 18:12:12.949,16.414,4,False
2019-11-05 18:11:57.212,YMT,33,GA14,2019-11-05 18:12:21.117,23.905,4,False
2019-11-05 18:11:57.609,WTS,08,RA46,2019-11-05 18:13:10.714,73.105,11,False
2019-11-05 18:11:57.809,KWT,6015,GA08,2019-11-05 18:12:27.890,30.081,14,False
2019-11-05 18:11:59.801,KOB,15,GA09,2019-11-05 18:12:17.133,17.332,8,False
2019-11-05 18:12:00.398,SKM,10,QA18,2019-11-05 18:13:12.516,72.118,12,False
2019-11-05 18:12:00.598,DIH,05,GA11,2019-11-05 18:13:07.136,66.538,52,True
2019-11-05 18:12:00.798,CHH,18,QA01,2019-11-05 18:12:17.133,16.335,3,False
2019-11-05 18:12:00.996,HOM,06,QA16,2019-11-05 18:12:34.656,33.66,18,False
2019-11-05 18:12:01.195,WTS,05,GA40,2019-11-05 18:13:12.118,70.923,56,True
2019-11-05 18:12:01.992,YMT,35,GA14,2019-11-05 18:13:29.050,87.058,70,True
2019-11-05 18:12:02.988,SKM,09,GA13,2019-11-05 18:12:19.125,16.137,3,False
2019-11-05 18:12:03.187,KOB,14,RA35,2019-11-05 18:12:20.520,17.333,7,False
2019-11-05 18:12:04.582,CHH,20,QA01,2019-11-05 18:12:22.113,17.531,6,False
2019-11-05 18:12:04.980,NTK,12,QA02,2019-11-05 18:12:21.117,16.137,3,False
2019-11-05 18:12:04.980,TIK,7109A,GA06,2019-11-05 18:13:11.320,66.34,0,False
2019-11-05 18:12:05.180,YAT,7006C,RA04,2019-11-05 18:13:11.320,66.14,0,False
2019-11-05 18:12:05.578,LAT,6109,GA38,2019-11-05 18:12:36.258,30.68,22,False
2019-11-05 18:12:05.579,TIK,7109B,GA06,2019-11-05 18:13:18.093,72.514,6,False
2019-11-05 18:12:05.777,YAT,7006B,RA04,2019-11-05 18:13:17.297,71.52,6,False
2019-11-05 18:12:05.977,SKM,22A,RA45,2019-11-05 18:12:25.101,19.124,1,False
2019-11-05 18:12:06.052,HOM,13,GA15,2019-11-05 18:12:28.887,22.835,6,False
2019-11-05 18:12:06.177,HOM,14,RA43,2019-11-05 18:12:31.282,25.105,7,False
2019-11-05 18:12:06.574,SKM,11,GA13,2019-11-05 18:12:27.492,20.918,3,False
2019-11-05 18:12:06.974,NTK,15,GA39,2019-11-05 18:12:25.699,18.725,9,False
2019-11-05 18:12:07.570,SKM,22B,RA45,2019-11-05 18:13:20.683,73.113,3,False
2019-11-05 18:12:08.367,NTK,01,GA09,2019-11-05 18:12:23.109,14.742,4,False
2019-11-05 18:12:08.766,NTK,14,QA02,2019-11-05 18:12:28.090,19.324,7,False
2019-11-05 18:12:08.965,WTS,10,RA46,2019-11-05 18:13:19.018,70.053,58,True
2019-11-05 18:12:10.559,SKM,13,GA13,2019-11-05 18:13:29.010,78.451,62,True
2019-11-05 18:12:10.706,DIH,02,QA01,2019-11-05 18:12:29.484,18.778,8,False
2019-11-05 18:12:10.758,KOB,16,RA35,2019-11-05 18:12:29.086,18.328,9,False
2019-11-05 18:12:11.355,SKM,22C,RA45,2019-11-05 18:13:25.683,74.328,5,False
2019-11-05 18:12:11.953,YAT,7005,GA07,2019-11-05 18:12:25.302,13.349,14,False
2019-11-05 18:12:12.152,YAT,7006A,RA04,2019-11-05 18:13:22.277,70.125,59,True
2019-11-05 18:12:12.152,TIK,7109C,GA06,2019-11-05 18:13:36.222,84.07,59,True
2019-11-05 18:12:12.351,LAT,6101,GA08,2019-11-05 18:12:31.875,19.524,14,False
2019-11-05 18:12:12.551,HOM,15,GA15,2019-11-05 18:12:40.243,27.692,13,False
2019-11-05 18:12:13.148,SKM,12,QA18,2019-11-05 18:13:22.017,68.869,56,True
2019-11-05 18:12:13.348,NTK,03,GA09,2019-11-05 18:12:26.097,12.749,1,False
2019-11-05 18:12:13.746,HOM,22,RA43,2019-11-05 18:12:39.231,25.485,5,False
2019-11-05 18:12:15.340,NTK,05,GA09,2019-11-05 18:12:36.059,20.719,8,False
2019-11-05 18:12:16.137,KOB,02,QA02,2019-11-05 18:12:40.640,24.503,11,False
2019-11-05 18:12:16.535,KWT,6001,GA39,2019-11-05 18:12:36.059,19.524,6,False
2019-11-05 18:12:16.709,MOK,32A,RA45,2019-11-05 18:13:30.616,73.907,57,True
2019-11-05 18:12:16.933,KOT,11,GA12,2019-11-05 18:12:41.636,24.703,15,False
2019-11-05 18:12:18.724,DIH,04,QA01,2019-11-05 18:12:36.059,17.335,6,False
2019-11-05 18:12:19.324,HOM,05,RA43,2019-11-05 18:12:48.809,29.485,2,False
2019-11-05 18:12:19.723,HOM,08,QA16,2019-11-05 18:13:11.918,52.195,27,False
2019-11-05 18:12:20.121,WHA,04,GA42,2019-11-05 18:12:51.200,31.079,11,False
2019-11-05 18:12:20.520,CHH,02,RA35,2019-11-05 18:12:40.640,20.12,11,False
2019-11-05 18:12:22.312,HOM,03,RA43,2019-11-05 18:15:02.486,160.174,,False
2019-11-05 18:12:23.481,KWT,6003,GA39,2019-11-05 18:12:41.437,17.956,4,False
2019-11-05 18:12:23.508,NTK,07,GA09,2019-11-05 18:12:48.609,25.101,10,False
2019-11-05 18:12:25.302,DIH,06,QA01,2019-11-05 18:12:55.183,29.881,10,False
2019-11-05 18:12:25.898,HOM,17,GA15,2019-11-05 18:13:00.495,34.597,22,False
2019-11-05 18:12:26.097,YAT,7007,GA07,2019-11-05 18:12:49.406,23.309,17,False
2019-11-05 18:12:26.496,LAT,6103,GA08,2019-11-05 18:12:51.200,24.704,5,False
2019-11-05 18:12:26.651,TIK,7110,QA05,2019-11-05 18:12:44.227,17.576,4,False
2019-11-05 18:12:27.293,KOB,04,QA02,2019-11-05 18:12:52.562,25.269,11,False
2019-11-05 18:12:27.492,KWT,6005,GA39,2019-11-05 18:12:51.954,24.462,4,False
2019-11-05 18:12:27.691,YAT,7001,GA38,2019-11-05 18:13:03.336,35.645,21,False
2019-11-05 18:12:31.282,WHA,02,GA42,2019-11-05 18:13:05.931,34.649,11,False
2019-11-05 18:12:31.476,TIK,7108,QA05,2019-11-05 18:12:52.195,20.719,11,False
2019-11-05 18:12:31.875,LAT,6105,GA08,2019-11-05 18:13:46.165,74.29,58,True
2019-11-05 18:12:32.074,KWT,6007,GA39,2019-11-05 18:14:09.489,97.415,78,True
2019-11-05 18:12:32.282,KOT,13,GA12,2019-11-05 18:12:49.008,16.726,7,False
2019-11-05 18:12:32.473,CHH,04,RA35,2019-11-05 18:12:53.191,20.718,10,False
2019-11-05 18:12:33.868,NTK,09,GA09,2019-11-05 18:13:42.979,69.111,10,False
2019-11-05 18:12:34.863,CHH,13A,GA10,2019-11-05 18:12:58.968,24.105,12,False
2019-11-05 18:12:35.860,DIH,08,QA01,2019-11-05 18:13:52.158,76.298,10,False
2019-11-05 18:12:38.051,KWT,6006,RA03,2019-11-05 18:13:00.495,22.444,6,False
2019-11-05 18:12:38.450,KOB,06,QA02,2019-11-05 18:13:08.132,29.682,12,False
2019-11-05 18:12:39.231,LOF,12,QA20,2019-11-05 18:13:01.558,22.327,12,False
2019-11-05 18:12:39.644,KOT,15,GA12,2019-11-05 18:12:56.179,16.535,6,False
2019-11-05 18:12:40.640,MOK,39,GA41,2019-11-05 18:13:01.558,20.918,6,False
2019-11-05 18:12:42.433,HOM,20,GA42,2019-11-05 18:13:22.658,40.225,23,False
2019-11-05 18:12:42.633,CHH,06,RA35,2019-11-05 18:13:03.119,20.486,7,False
2019-11-05 18:12:43.031,TIK,7106,QA05,2019-11-05 18:13:13.312,30.281,28,False
2019-11-05 18:12:43.230,YAT,7009,GA07,2019-11-05 18:13:05.343,22.113,13,False
2019-11-05 18:12:43.230,LAT,6102,QA36,2019-11-05 18:13:01.360,18.13,5,False
2019-11-05 18:12:44.825,NTK,11,GA09,2019-11-05 18:13:59.529,74.704,55,True
2019-11-05 18:12:45.023,KWT,6004,RA03,2019-11-05 18:13:04.546,19.523,6,False
2019-11-05 18:12:45.664,MOK,42,QA17,2019-11-05 18:13:09.528,23.864,8,False
2019-11-05 18:12:46.019,YMT,42,RA44,2019-11-05 18:13:06.140,20.121,8,False
2019-11-05 18:12:46.419,LOF,01,GA12,2019-11-05 18:13:02.156,15.737,5,False
2019-11-05 18:12:46.617,DIH,10,QA01,2019-11-05 18:14:01.123,74.506,62,True
2019-11-05 18:12:47.015,CHH,15,GA10,2019-11-05 18:13:07.535,20.52,8,False
2019-11-05 18:12:47.415,HOM,10,QA16,2019-11-05 18:14:13.473,86.058,10,False
2019-11-05 18:12:47.613,MOK,41,GA41,2019-11-05 18:13:06.140,18.527,5,False
2019-11-05 18:12:48.410,HOM,19,GA15,2019-11-05 18:13:22.016,33.606,21,False
2019-11-05 18:12:49.007,KWT,6016,QA36,2019-11-05 18:13:13.910,24.903,11,False
2019-11-05 18:12:49.605,YAT,7003A,GA38,2019-11-05 18:13:59.330,69.725,0,False
2019-11-05 18:12:50.203,CHH,08,RA35,2019-11-05 18:13:13.462,23.259,4,False
2019-11-05 18:12:50.203,YAT,7003B,GA38,2019-11-05 18:14:04.311,74.108,4,False
2019-11-05 18:12:50.601,KOB,08,QA02,2019-11-05 18:14:14.085,83.484,12,False
2019-11-05 18:12:51.200,KWT,6002,RA03,2019-11-05 18:13:13.910,22.71,11,False
2019-11-05 18:12:51.597,LOF,14,QA20,2019-11-05 18:13:12.515,20.918,8,False
2019-11-05 18:12:52.195,LOF,03,GA12,2019-11-05 18:13:09.128,16.933,6,False
2019-11-05 18:12:52.992,MOK,43,GA41,2019-11-05 18:13:11.116,18.124,5,False
2019-11-05 18:12:53.191,DIH,07,GA11,2019-11-05 18:13:15.105,21.914,8,False
2019-11-05 18:12:54.187,YMT,44,RA44,2019-11-05 18:13:17.497,23.31,12,False
2019-11-05 18:12:54.386,MOK,44,QA17,2019-11-05 18:13:15.503,21.117,4,False
2019-11-05 18:12:54.882,YAT,7003C,GA38,2019-11-05 18:14:07.298,72.416,4,False
2019-11-05 18:12:54.984,CHH,10,RA35,2019-11-05 18:14:11.481,76.497,59,True
2019-11-05 18:12:55.582,CHH,17,GA10,2019-11-05 18:13:14.507,18.925,7,False
2019-11-05 18:12:56.698,TIK,7101,GA07,2019-11-05 18:13:37.218,40.52,31,False
2019-11-05 18:12:57.773,WTS,07,GA40,2019-11-05 18:13:20.683,22.91,14,False
2019-11-05 18:12:57.972,HOM,12,QA16,2019-11-05 18:14:20.721,82.749,64,True
2019-11-05 18:12:58.570,MOK,45,GA41,2019-11-05 18:13:29.989,31.419,11,False
2019-11-05 18:12:58.697,MOK,46,QA17,2019-11-05 18:13:24.628,25.931,13,False
2019-11-05 18:12:58.968,LOF,05,GA12,2019-11-05 18:13:22.017,23.049,6,False
2019-11-05 18:12:59.168,YAT,7003D,GA38,2019-11-05 18:14:10.287,71.119,64,True
2019-11-05 18:13:00.363,KOT,02,QA20,2019-11-05 18:13:25.265,24.902,9,False
2019-11-05 18:13:00.923,KWT,6014,QA36,2019-11-05 18:13:23.871,22.948,9,False
2019-11-05 18:13:02.157,DIH,09,GA11,2019-11-05 18:13:23.683,21.526,11,False
2019-11-05 18:13:02.953,NTK,02,RA03,2019-11-05 18:13:20.068,17.115,7,False
2019-11-05 18:13:03.119,CHH,19,GA10,2019-11-05 18:13:22.658,19.539,7,False
2019-11-05 18:13:03.335,KOB,10,QA02,2019-11-05 18:14:24.031,80.696,68,True
2019-11-05 18:13:05.343,LOF,07,GA12,2019-11-05 18:14:19.649,74.306,10,False
2019-11-05 18:13:05.742,KOT,12,RA19,2019-11-05 18:13:27.058,21.316,12,False
2019-11-05 18:13:06.339,HOM,18,GA42,2019-11-05 18:13:27.622,21.283,5,False
2019-11-05 18:13:06.339,HOM,02,RA44,2019-11-05 18:13:40.139,33.8,22,False
2019-11-05 18:13:07.335,WTS,12,RA46,2019-11-05 18:13:28.622,21.287,9,False
2019-11-05 18:13:09.528,SKM,14,QA18,2019-11-05 18:13:29.989,20.461,6,False
2019-11-05 18:13:09.726,KOT,04,QA20,2019-11-05 18:13:37.020,27.294,12,False
2019-11-05 18:13:09.925,HOM,21,GA15,2019-11-05 18:13:48.772,38.847,22,False
2019-11-05 18:13:10.125,MOK,47,GA41,2019-11-05 18:14:52.519,102.394,84,True
2019-11-05 18:13:10.714,CHH,21,GA10,2019-11-05 18:13:30.616,19.902,8,False
2019-11-05 18:13:10.921,KWT,6012,QA36,2019-11-05 18:13:34.030,23.109,10,False
2019-11-05 18:13:10.921,NTK,04,RA03,2019-11-05 18:13:35.007,24.086,6,False
2019-11-05 18:13:11.116,TIK,7104,QA05,2019-11-05 18:13:23.793,12.677,3,False
2019-11-05 18:13:11.321,YAT,7004,RA04,2019-11-05 18:13:28.253,16.932,3,False
2019-11-05 18:13:11.520,TIK,7111,GA06,2019-11-05 18:14:07.231,55.711,7,False
2019-11-05 18:13:12.117,YMT,32,QA17,2019-11-05 18:13:33.035,20.918,6,False
2019-11-05 18:13:12.247,HOM,22,GA42,2019-11-05 18:13:32.835,20.588,3,False
2019-11-05 18:13:12.714,WTS,09,GA40,2019-11-05 18:13:29.010,16.296,7,False
2019-11-05 18:13:12.914,YMT,37,GA14,2019-11-05 18:13:33.035,20.121,5,False
2019-11-05 18:13:13.312,SKM,15,GA13,2019-11-05 18:13:37.020,23.708,13,False
2019-11-05 18:13:13.462,CHH,01,GA11,2019-11-05 18:13:29.648,16.186,5,False
2019-11-05 18:13:14.240,MOK,32B,RA45,2019-11-05 18:13:33.632,19.392,8,False
2019-11-05 18:13:14.906,YAT,7002,RA04,2019-11-05 18:13:34.230,19.324,7,False
2019-11-05 18:13:15.105,TIK,7102,QA05,2019-11-05 18:13:33.213,18.108,13,False
2019-11-05 18:13:16.060,HOM,07,GA42,2019-11-05 18:13:41.999,25.939,6,False
2019-11-05 18:13:16.060,LOF,09,GA12,2019-11-05 18:14:28.613,72.553,61,True
2019-11-05 18:13:16.500,SKM,16,QA18,2019-11-05 18:13:35.624,19.124,5,False
2019-11-05 18:13:17.098,WTS,14,RA46,2019-11-05 18:13:35.624,18.526,7,False
2019-11-05 18:13:17.894,NTK,06,RA03,2019-11-05 18:14:34.191,76.297,60,True
2019-11-05 18:13:18.292,KOT,14,RA19,2019-11-05 18:13:34.031,15.739,8,False
2019-11-05 18:13:18.692,TIK,7113,GA06,2019-11-05 18:14:20.246,61.554,47,False
2019-11-05 18:13:18.891,YMT,39,GA14,2019-11-05 18:13:40.139,21.248,7,False
2019-11-05 18:13:19.018,YMT,34,QA17,2019-11-05 18:13:34.575,15.557,3,False
2019-11-05 18:13:19.089,KOB,01,GA10,2019-11-05 18:13:38.612,19.523,8,False
2019-11-05 18:13:19.089,CHH,03,GA11,2019-11-05 18:13:34.575,15.486,4,False
2019-11-05 18:13:19.887,WTS,11,GA40,2019-11-05 18:13:36.620,16.733,7,False
2019-11-05 18:13:21.281,TIK,7120,RA37,2019-11-05 18:13:43.148,21.867,7,False
2019-11-05 18:13:21.480,KWT,6010,QA36,2019-11-05 18:13:49.768,28.288,8,False
2019-11-05 18:13:21.683,SKM,18,QA18,2019-11-05 18:13:45.984,24.301,11,False
2019-11-05 18:13:21.878,KOT,06,QA20,2019-11-05 18:13:52.558,30.68,9,False
2019-11-05 18:13:22.078,HOM,09,GA42,2019-11-05 18:14:32.000,69.922,6,False
2019-11-05 18:13:22.277,YMT,36,QA17,2019-11-05 18:13:42.995,20.718,4,False
2019-11-05 18:13:22.278,MOK,34A,RA45,2019-11-05 18:13:38.016,15.738,5,False
2019-11-05 18:13:22.874,LAT,6112,RA04,2019-11-05 18:14:05.306,42.432,24,False
2019-11-05 18:13:23.473,CHH,05,GA11,2019-11-05 18:13:40.139,16.666,5,False
2019-11-05 18:13:24.867,LOF,02,RA46,2019-11-05 18:13:43.592,18.725,6,False
2019-11-05 18:13:26.460,KOT,16,RA19,2019-11-05 18:13:41.003,14.543,6,False
2019-11-05 18:13:26.638,YMT,41,GA14,2019-11-05 18:13:50.166,23.528,9,False
2019-11-05 18:13:26.859,YMT,38,QA17,2019-11-05 18:13:52.158,25.299,3,False
2019-11-05 18:13:26.974,SKM,17,GA13,2019-11-05 18:13:45.553,18.579,9,False
2019-11-05 18:13:27.257,KOB,03,GA10,2019-11-05 18:13:45.983,18.726,7,False
2019-11-05 18:13:27.622,DIH,01,GA40,2019-11-05 18:13:48.494,20.872,6,False
2019-11-05 18:13:27.855,MOK,34B,RA45,2019-11-05 18:13:42.978,15.123,5,False
2019-11-05 18:13:28.422,YAT,7012,QA05,2019-11-05 18:13:55.545,27.123,19,False
2019-11-05 18:13:28.623,TIK,7103,GA07,2019-11-05 18:13:51.361,22.738,11,False
2019-11-05 18:13:28.652,TIK,7118,RA37,2019-11-05 18:13:43.148,14.496,1,False
2019-11-05 18:13:29.010,HOM,11,GA42,2019-11-05 18:14:40.964,71.954,52,True
2019-11-05 18:13:29.050,HOM,04,RA44,2019-11-05 18:13:57.138,28.088,14,False
2019-11-05 18:13:29.249,CHH,07,GA11,2019-11-05 18:13:42.978,13.729,2,False
2019-11-05 18:13:29.847,KWT,6008,QA36,2019-11-05 18:15:08.606,98.759,82,True
2019-11-05 18:13:30.046,YMT,40,QA17,2019-11-05 18:14:50.526,80.48,63,True
2019-11-05 18:13:30.616,LAT,6107,GA08,2019-11-05 18:13:52.158,21.542,15,False
2019-11-05 18:13:30.616,TIK,7116,RA37,2019-11-05 18:13:51.361,20.745,9,False
2019-11-05 18:13:31.243,KOT,08,QA20,2019-11-05 18:14:57.100,85.857,13,False
2019-11-05 18:13:31.840,LOF,04,RA46,2019-11-05 18:13:50.166,18.326,7,False
2019-11-05 18:13:32.238,CHH,09B,GA11,2019-11-05 18:13:59.529,27.291,7,False
2019-11-05 18:13:32.621,YMT,31,GA15,2019-11-05 18:14:04.510,31.889,15,False
2019-11-05 18:13:32.791,SKM,02,RA19,2019-11-05 18:13:47.505,14.714,5,False
2019-11-05 18:13:32.835,SKM,20,QA18,2019-11-05 18:13:59.529,26.694,12,False
2019-11-05 18:13:33.034,MOK,36,RA45,2019-11-05 18:14:02.119,29.085,10,False
2019-11-05 18:13:33.831,DIH,03,GA40,2019-11-05 18:15:34.152,120.321,8,False
2019-11-05 18:13:34.628,KOB,05,GA10,2019-11-05 18:13:55.545,20.917,10,False
2019-11-05 18:13:36.223,SKM,19,GA13,2019-11-05 18:13:52.158,15.935,6,False
2019-11-05 18:13:36.223,MOK,31,GA14,2019-11-05 18:13:58.134,21.911,9,False
2019-11-05 18:13:38.214,SKM,04,RA19,2019-11-05 18:13:54.150,15.936,6,False
2019-11-05 18:13:39.210,LOF,06,RA46,2019-11-05 18:14:05.107,25.897,8,False
2019-11-05 18:13:39.807,TIK,7105,GA07,2019-11-05 18:14:03.315,23.508,7,False
2019-11-05 18:13:40.007,TIK,7114,RA37,2019-11-05 18:14:05.306,25.299,8,False
2019-11-05 18:13:40.206,CHH,11,GA11,2019-11-05 18:15:13.036,92.83,78,True
2019-11-05 18:13:40.604,NTK,13,GA09,2019-11-05 18:14:11.482,30.878,15,False
2019-11-05 18:13:42.397,SKM,21,GA13,2019-11-05 18:13:58.134,15.737,6,False
2019-11-05 18:13:42.398,DIH,05,GA40,2019-11-05 18:15:44.511,122.113,108,True
2019-11-05 18:13:43.393,MOK,38,RA45,2019-11-05 18:14:59.491,76.098,10,False
2019-11-05 18:13:43.793,HOM,06,RA44,2019-11-05 18:14:19.450,35.657,20,False
2019-11-05 18:13:44.589,SKM,06,RA19,2019-11-05 18:14:02.517,17.928,6,False
2019-11-05 18:13:45.095,SKM,22A,QA18,2019-11-05 18:14:05.107,20.012,3,False
2019-11-05 18:13:45.186,KOT,10,QA20,2019-11-05 18:15:06.620,81.434,68,True
2019-11-05 18:13:45.553,MOK,33,GA14,2019-11-05 18:14:14.085,28.532,9,False
2019-11-05 18:13:45.584,KOB,07,GA10,2019-11-05 18:14:14.085,28.501,10,False
2019-11-05 18:13:46.581,LAT,6109,GA08,2019-11-05 18:14:20.246,33.665,22,False
2019-11-05 18:13:47.504,TIK,7107,GA07,2019-11-05 18:14:18.231,30.727,16,False
2019-11-05 18:13:47.700,LAT,6110,RA04,2019-11-05 18:14:22.238,34.538,19,False
2019-11-05 18:13:47.776,YAT,7010,QA05,2019-11-05 18:14:11.283,23.507,16,False
2019-11-05 18:13:47.975,YMT,33,GA15,2019-11-05 18:14:15.465,27.49,6,False
2019-11-05 18:13:48.175,LOF,08,RA46,2019-11-05 18:15:02.080,73.905,9,False
2019-11-05 18:13:48.351,TIK,7112C,RA37,2019-11-05 18:15:03.275,74.924,15,False
2019-11-05 18:13:48.352,SKM,22B,QA18,2019-11-05 18:14:57.100,68.748,3,False
2019-11-05 18:13:48.772,DIH,12,QA01,2019-11-05 18:14:11.481,22.709,10,False
2019-11-05 18:13:49.369,KOT,01,GA13,2019-11-05 18:14:04.112,14.743,6,False
2019-11-05 18:13:50.963,SKM,08,RA19,2019-11-05 18:14:18.056,27.093,7,False
2019-11-05 18:13:50.964,KWT,6009,GA39,2019-11-05 18:14:14.270,23.306,9,False
2019-11-05 18:13:51.959,SKM,22C,QA18,2019-11-05 18:15:03.667,71.708,4,False
2019-11-05 18:13:53.752,MOK,40,RA45,2019-11-05 18:15:06.064,72.312,56,True
2019-11-05 18:13:54.350,YMT,35,GA15,2019-11-05 18:15:21.204,86.854,70,True
2019-11-05 18:13:54.350,CHH,12,RA35,2019-11-05 18:14:17.657,23.307,9,False
2019-11-05 18:13:54.947,MOK,35,GA14,2019-11-05 18:15:02.560,67.613,9,False
2019-11-05 18:13:55.545,KOT,03,GA13,2019-11-05 18:14:10.485,14.94,5,False
2019-11-05 18:13:55.943,NTK,15,GA09,2019-11-05 18:14:24.629,28.686,14,False
2019-11-05 18:13:56.541,KOB,09,GA10,2019-11-05 18:15:17.996,81.455,65,True
2019-11-05 18:13:56.939,MOK,32A,QA18,2019-11-05 18:15:11.043,74.104,54,True
2019-11-05 18:13:57.936,LOF,10,RA46,2019-11-05 18:15:11.043,73.107,61,True
2019-11-05 18:13:58.631,SKM,10,RA19,2019-11-05 18:15:14.603,75.972,11,False
2019-11-05 18:13:59.130,WTS,02,QA01,2019-11-05 18:14:20.015,20.885,9,False
2019-11-05 18:14:00.326,KWT,6011,GA39,2019-11-05 18:14:19.649,19.323,5,False
2019-11-05 18:14:01.322,KOT,05,GA13,2019-11-05 18:14:17.657,16.335,6,False
2019-11-05 18:14:02.915,HOM,14,QA16,2019-11-05 18:14:25.824,22.909,9,False
2019-11-05 18:14:03.712,TIK,7112B,RA37,2019-11-05 18:15:08.853,65.141,0,False
2019-11-05 18:14:03.902,YAT,7005,GA38,2019-11-05 18:14:16.262,12.36,2,False
2019-11-05 18:14:03.902,TIK,7109A,GA07,2019-11-05 18:15:17.220,73.318,0,False
2019-11-05 18:14:03.911,TIK,7112A,RA37,2019-11-05 18:15:15.206,71.295,70,True
2019-11-05 18:14:04.111,YAT,7008,QA05,2019-11-05 18:14:26.223,22.112,11,False
2019-11-05 18:14:04.112,TIK,7109B,GA07,2019-11-05 18:15:25.138,81.026,12,False
2019-11-05 18:14:04.311,CHH,14,RA35,2019-11-05 18:14:23.633,19.322,6,False
2019-11-05 18:14:04.510,HOM,08,RA44,2019-11-05 18:15:02.486,57.976,29,False
2019-11-05 18:14:04.881,MOK,37,GA14,2019-11-05 18:15:09.052,64.171,46,True
2019-11-05 18:14:06.103,KWT,6013,GA39,2019-11-05 18:14:29.012,22.909,9,False
2019-11-05 18:14:06.626,YAT,7007,GA38,2019-11-05 18:14:39.171,32.545,24,False
2019-11-05 18:14:06.627,TIK,7115,GA06,2019-11-05 18:14:24.231,17.604,,False
2019-11-05 18:14:07.230,LAT,6108,RA04,2019-11-05 18:14:38.175,30.945,9,False
2019-11-05 18:14:07.696,KOT,07,GA13,2019-11-05 18:14:32.000,24.304,6,False
2019-11-05 18:14:08.294,WTS,04,QA01,2019-11-05 18:14:28.015,19.721,8,False
2019-11-05 18:14:09.490,YAT,7001,GA08,2019-11-05 18:14:48.137,38.647,22,False
2019-11-05 18:14:09.688,TIK,7115,QA06,2019-11-05 18:14:24.231,14.543,4,False
2019-11-05 18:14:10.087,KWT,6001,GA09,2019-11-05 18:14:38.374,28.287,9,False
2019-11-05 18:14:10.088,SKM,12,RA19,2019-11-05 18:15:23.594,73.506,61,True
2019-11-05 18:14:10.485,CHH,16,RA35,2019-11-05 18:14:27.617,17.132,4,False
2019-11-05 18:14:12.086,HOM,16,QA16,2019-11-05 18:14:28.613,16.527,3,False
2019-11-05 18:14:12.278,KOB,12,QA02,2019-11-05 18:14:32.547,20.269,11,False
2019-11-05 18:14:14.085,TIK,7149,QA06,2019-11-05 18:14:28.150,14.065,2,False
2019-11-05 18:14:14.469,KOT,09,GA13,2019-11-05 18:16:02.041,107.572,91,True
2019-11-05 18:14:15.088,CHH,18,RA35,2019-11-05 18:14:31.004,15.916,3,False
2019-11-05 18:14:15.665,HOM,18,QA16,2019-11-05 18:14:32.547,16.882,3,False
2019-11-05 18:14:15.864,KWT,6015,GA39,2019-11-05 18:14:40.167,24.303,14,False
2019-11-05 18:14:16.086,YAT,7006C,QA05,2019-11-05 18:15:30.096,74.01,0,False
2019-11-05 18:14:16.262,TIK,7109C,GA07,2019-11-05 18:15:41.324,85.062,59,True
2019-11-05 18:14:16.633,TIK,7120,QA06,2019-11-05 18:14:38.091,21.458,0,False
2019-11-05 18:14:16.860,LAT,6106,RA04,2019-11-05 18:15:43.317,86.457,13,False
2019-11-05 18:14:16.861,TIK,7122,QA06,2019-11-05 18:15:16.766,59.905,57,False
2019-11-05 18:14:17.059,WTS,06,QA01,2019-11-05 18:14:41.960,24.901,6,False
2019-11-05 18:14:17.059,YAT,7006B,QA05,2019-11-05 18:15:35.097,78.038,12,False
2019-11-05 18:14:17.856,LOF,11,GA12,2019-11-05 18:14:36.980,19.124,11,False
2019-11-05 18:14:18.055,NTK,08,RA03,2019-11-05 18:14:44.151,26.096,14,False
2019-11-05 18:14:18.965,CHH,20,RA35,2019-11-05 18:14:36.183,17.218,5,False
2019-11-05 18:14:19.051,HOM,20,QA16,2019-11-05 18:14:44.350,25.299,,False
2019-11-05 18:14:20.047,KWT,6003,GA09,2019-11-05 18:14:43.753,23.706,6,False
2019-11-05 18:14:21.043,HOM,13,GA42,2019-11-05 18:14:45.276,24.233,7,False
2019-11-05 18:14:21.242,HOM,20,GA16,2019-11-05 18:14:44.350,23.108,10,False
2019-11-05 18:14:23.832,WTS,08,QA01,2019-11-05 18:15:43.117,79.285,11,False
2019-11-05 18:14:24.005,KOB,14,QA02,2019-11-05 18:14:40.964,16.959,6,False
2019-11-05 18:14:24.431,DIH,02,RA35,2019-11-05 18:14:43.554,19.123,8,False
2019-11-05 18:14:26.224,KWT,6005,GA09,2019-11-05 18:14:54.908,28.684,8,False
2019-11-05 18:14:28.414,HOM,15,GA42,2019-11-05 18:14:57.697,29.283,14,False
2019-11-05 18:14:29.013,LOF,13,GA12,2019-11-05 18:14:46.143,17.13,7,False
2019-11-05 18:14:29.410,YAT,7006A,QA05,2019-11-05 18:15:42.320,72.91,62,True
2019-11-05 18:14:30.174,LAT,6104,RA04,2019-11-05 18:15:50.263,80.089,67,True
2019-11-05 18:14:30.207,LAT,6101,GA39,2019-11-05 18:14:42.358,12.151,1,False
2019-11-05 18:14:30.762,KOB,16,QA02,2019-11-05 18:14:49.530,18.768,9,False
2019-11-05 18:14:31.601,YAT,7009,GA38,2019-11-05 18:14:58.097,26.496,17,False
2019-11-05 18:14:31.601,YAT,7003A,GA08,2019-11-05 18:15:39.132,67.531,16,False
2019-11-05 18:14:31.800,LAT,6103,GA39,2019-11-05 18:15:01.280,29.48,17,False
2019-11-05 18:14:32.199,WHA,02,GA16,2019-11-05 18:14:51.324,19.125,6,False
2019-11-05 18:14:32.547,NTK,10,RA03,2019-11-05 18:14:52.717,20.17,10,False
2019-11-05 18:14:33.394,DIH,04,RA35,2019-11-05 18:14:50.506,17.112,6,False
2019-11-05 18:14:33.593,HOM,10,RA44,2019-11-05 18:16:04.033,90.44,13,False
2019-11-05 18:14:33.992,YMT,42,QA17,2019-11-05 18:14:54.510,20.518,9,False
2019-11-05 18:14:34.989,SKM,01,GA41,2019-11-05 18:15:00.487,25.498,12,False
2019-11-05 18:14:35.187,KWT,6007,GA09,2019-11-05 18:15:58.456,83.269,64,True
2019-11-05 18:14:35.585,WTS,10,QA01,2019-11-05 18:15:52.081,76.496,65,True
2019-11-05 18:14:36.581,WTS,01,GA12,2019-11-05 18:14:55.108,18.527,9,False
2019-11-05 18:14:38.972,WHA,04,GA16,2019-11-05 18:15:04.837,25.865,7,False
2019-11-05 18:14:39.570,DIH,06,RA35,2019-11-05 18:15:09.052,29.482,9,False
2019-11-05 18:14:40.566,CHH,02,QA02,2019-11-05 18:15:01.084,20.518,11,False
2019-11-05 18:14:42.558,NTK,12,RA03,2019-11-05 18:14:55.507,12.949,3,False
2019-11-05 18:14:42.558,HOM,17,GA42,2019-11-05 18:15:18.607,36.049,23,False
2019-11-05 18:14:43.465,YMT,44,QA17,2019-11-05 18:15:06.065,22.6,11,False
2019-11-05 18:14:45.347,HOM,05,GA43,2019-11-05 18:15:11.043,25.696,9,False
2019-11-05 18:14:45.944,WTS,03,GA12,2019-11-05 18:15:10.447,24.503,6,False
2019-11-05 18:14:46.143,NTK,14,RA03,2019-11-05 18:15:00.487,14.344,6,False
2019-11-05 18:14:46.542,WHA,06,GA16,2019-11-05 18:16:37.700,111.158,92,True
2019-11-05 18:14:46.627,HOM,12,RA44,2019-11-05 18:16:13.396,86.769,67,True
2019-11-05 18:14:47.139,SKM,03,GA41,2019-11-05 18:15:09.451,22.312,8,False
2019-11-05 18:14:48.535,YAT,7003B,GA08,2019-11-05 18:15:44.312,55.777,0,False
2019-11-05 18:14:48.733,YAT,7003C,GA08,2019-11-05 18:15:47.102,58.369,0,False
2019-11-05 18:14:48.932,YAT,7003D,GA08,2019-11-05 18:15:50.263,61.331,49,True
2019-11-05 18:14:48.932,LAT,6105,GA39,2019-11-05 18:16:01.245,72.313,68,True
2019-11-05 18:14:49.131,TIK,7101,GA38,2019-11-05 18:15:29.095,39.964,32,False
2019-11-05 18:14:49.331,DIH,08,RA35,2019-11-05 18:16:04.034,74.703,11,False
2019-11-05 18:14:50.327,MOK,42,RA45,2019-11-05 18:15:11.965,21.638,8,False
2019-11-05 18:14:51.323,MOK,39,GA14,2019-11-05 18:15:16.217,24.894,7,False
2019-11-05 18:14:51.721,MOK,32B,QA18,2019-11-05 18:15:16.025,24.304,6,False
2019-11-05 18:14:51.920,KWT,6006,QA36,2019-11-05 18:15:13.588,21.668,6,False
2019-11-05 18:14:52.094,WTS,05,GA12,2019-11-05 18:16:14.990,82.896,68,True
2019-11-05 18:14:52.319,CHH,04,QA02,2019-11-05 18:15:13.588,21.269,10,False
2019-11-05 18:14:52.518,KOB,02,RA03,2019-11-05 18:15:08.606,16.088,7,False
2019-11-05 18:14:53.713,KOT,12,QA20,2019-11-05 18:15:18.606,24.893,13,False
2019-11-05 18:14:54.624,HOM,07,GA43,2019-11-05 18:15:19.929,25.305,5,False
2019-11-05 18:14:54.908,HOM,02,QA17,2019-11-05 18:15:29.571,34.663,22,False
2019-11-05 18:14:55.706,SKM,05,GA41,2019-11-05 18:15:18.017,22.311,9,False
2019-11-05 18:14:58.096,MOK,34A,QA18,2019-11-05 18:15:23.139,25.043,8,False
2019-11-05 18:14:58.420,CHH,13A,GA11,2019-11-05 18:15:23.139,24.719,12,False
2019-11-05 18:14:58.623,MOK,41,GA14,2019-11-05 18:15:21.570,22.947,6,False
2019-11-05 18:14:58.894,KWT,6004,QA36,2019-11-05 18:15:17.996,19.102,6,False
2019-11-05 18:14:59.045,MOK,44,RA45,2019-11-05 18:15:17.007,17.962,5,False
2019-11-05 18:14:59.491,LOF,12,RA46,2019-11-05 18:15:21.570,22.079,11,False
2019-11-05 18:14:59.689,HOM,09,GA43,2019-11-05 18:16:22.361,82.672,7,False
2019-11-05 18:14:59.689,KOB,04,RA03,2019-11-05 18:15:16.549,16.86,7,False
2019-11-05 18:15:00.685,DIH,10,RA35,2019-11-05 18:16:12.998,72.313,60,True
2019-11-05 18:15:01.881,KOB,11,GA10,2019-11-05 18:15:27.483,25.602,15,False
2019-11-05 18:15:02.560,CHH,06,QA02,2019-11-05 18:15:23.139,20.579,8,False
2019-11-05 18:15:04.272,MOK,46,RA45,2019-11-05 18:15:25.985,21.713,8,False
2019-11-05 18:15:04.837,YMT,37,GA15,2019-11-05 18:15:24.590,19.753,6,False
2019-11-05 18:15:05.267,SKM,07,GA41,2019-11-05 18:15:26.782,21.515,8,False
2019-11-05 18:15:05.268,KWT,6002,QA36,2019-11-05 18:15:26.782,21.514,11,False
2019-11-05 18:15:05.483,MOK,43,GA14,2019-11-05 18:15:27.483,22.0,6,False
2019-11-05 18:15:06.483,HOM,19,GA42,2019-11-05 18:15:41.921,35.438,22,False
2019-11-05 18:15:06.810,HOM,11,GA43,2019-11-05 18:16:31.923,85.113,65,True
2019-11-05 18:15:07.042,MOK,34B,QA18,2019-11-05 18:15:28.560,21.518,8,False
2019-11-05 18:15:07.060,KOT,14,QA20,2019-11-05 18:15:27.977,20.917,9,False
2019-11-05 18:15:07.260,KOB,06,RA03,2019-11-05 18:15:31.506,24.246,9,False
2019-11-05 18:15:10.845,CHH,08,QA02,2019-11-05 18:15:33.555,22.71,5,False
2019-11-05 18:15:11.235,YMT,39,GA15,2019-11-05 18:15:31.563,20.328,6,False
2019-11-05 18:15:11.236,CHH,15,GA11,2019-11-05 18:15:31.098,19.862,8,False
2019-11-05 18:15:11.243,LOF,14,RA46,2019-11-05 18:15:30.096,18.853,8,False
2019-11-05 18:15:11.842,SKM,14,RA19,2019-11-05 18:15:28.974,17.132,7,False
2019-11-05 18:15:12.240,MOK,45,GA14,2019-11-05 18:15:47.500,35.26,13,False
2019-11-05 18:15:13.036,YMT,32,RA45,2019-11-05 18:15:34.552,21.516,7,False
2019-11-05 18:15:13.589,SKM,09,GA41,2019-11-05 18:15:31.098,17.509,3,False
2019-11-05 18:15:14.431,TIK,7120,QA06,2019-11-05 18:15:25.139,10.708,0,False
2019-11-05 18:15:14.432,TIK,7110,RA37,2019-11-05 18:15:25.138,10.706,0,False
2019-11-05 18:15:14.603,TIK,7118,QA06,2019-11-05 18:15:25.188,10.585,0,False
2019-11-05 18:15:15.028,TIK,7108,RA37,2019-11-05 18:15:29.172,14.144,7,False
2019-11-05 18:15:15.427,TIK,7116,QA06,2019-11-05 18:15:34.352,18.925,7,False
2019-11-05 18:15:15.825,TIK,7111,GA07,2019-11-05 18:15:48.296,32.471,16,False
2019-11-05 18:15:16.025,MOK,36,QA18,2019-11-05 18:15:48.627,32.602,13,False
2019-11-05 18:15:16.218,CHH,10,QA02,2019-11-05 18:16:34.106,77.888,60,True
2019-11-05 18:15:16.423,KOB,08,RA03,2019-11-05 18:16:39.492,83.069,10,False
2019-11-05 18:15:16.549,NTK,02,QA36,2019-11-05 18:15:33.556,17.007,7,False
2019-11-05 18:15:16.766,KOT,16,QA20,2019-11-05 18:15:37.140,20.374,8,False
2019-11-05 18:15:17.006,KOB,13,GA10,2019-11-05 18:15:36.544,19.538,10,False
2019-11-05 18:15:17.220,HOM,04,QA17,2019-11-05 18:15:45.706,28.486,15,False
2019-11-05 18:15:17.415,SKM,11,GA41,2019-11-05 18:15:39.482,22.067,5,False
2019-11-05 18:15:17.817,YMT,41,GA15,2019-11-05 18:15:39.986,22.169,10,False
2019-11-05 18:15:19.809,SKM,16,RA19,2019-11-05 18:15:33.156,13.347,3,False
2019-11-05 18:15:19.929,CHH,17,GA11,2019-11-05 18:15:38.431,18.502,7,False
2019-11-05 18:15:20.209,KOT,02,RA46,2019-11-05 18:15:38.136,17.927,8,False
2019-11-05 18:15:21.005,YMT,34,RA45,2019-11-05 18:15:36.144,15.139,2,False
2019-11-05 18:15:22.001,TIK,7103,GA38,2019-11-05 18:15:46.304,24.303,10,False
2019-11-05 18:15:22.399,TIK,7106,RA37,2019-11-05 18:15:48.296,25.897,16,False
2019-11-05 18:15:22.483,TIK,7114,QA06,2019-11-05 18:15:48.296,25.813,10,False
2019-11-05 18:15:22.797,SKM,13,GA41,2019-11-05 18:16:51.047,88.25,71,True
2019-11-05 18:15:22.997,SKM,18,RA19,2019-11-05 18:15:41.524,18.527,7,False
2019-11-05 18:15:23.140,YMT,36,RA45,2019-11-05 18:15:44.512,21.372,4,False
2019-11-05 18:15:24.391,NTK,04,QA36,2019-11-05 18:15:48.628,24.237,7,False
2019-11-05 18:15:25.378,SKM,02,QA20,2019-11-05 18:15:46.503,21.125,7,False
2019-11-05 18:15:25.941,MOK,47,GA14,2019-11-05 18:17:09.971,104.03,86,True
2019-11-05 18:15:26.981,CHH,19,GA11,2019-11-05 18:15:46.503,19.522,7,False
2019-11-05 18:15:27.180,KOB,10,RA03,2019-11-05 18:16:49.647,82.467,70,True
2019-11-05 18:15:27.180,KOB,15,GA10,2019-11-05 18:15:44.082,16.902,7,False
2019-11-05 18:15:27.379,YMT,38,RA45,2019-11-05 18:15:53.061,25.682,4,False
2019-11-05 18:15:28.176,MOK,31,GA15,2019-11-05 18:15:48.627,20.451,7,False
2019-11-05 18:15:28.561,KOT,04,RA46,2019-11-05 18:15:46.503,17.942,6,False
2019-11-05 18:15:28.718,HOM,21,GA42,2019-11-05 18:16:05.229,36.511,22,False
2019-11-05 18:15:29.094,MOK,38,QA18,2019-11-05 18:17:00.012,90.918,11,False
2019-11-05 18:15:30.515,DIH,07,GA40,2019-11-05 18:15:55.468,24.953,8,False
2019-11-05 18:15:30.567,SKM,20,RA19,2019-11-05 18:15:56.065,25.498,10,False
2019-11-05 18:15:31.505,YMT,40,RA45,2019-11-05 18:16:48.656,77.151,60,True
2019-11-05 18:15:31.762,NTK,06,QA36,2019-11-05 18:16:51.644,79.882,63,True
2019-11-05 18:15:32.160,YAT,7004,QA05,2019-11-05 18:15:44.312,12.152,0,False
2019-11-05 18:15:32.160,TIK,7113,GA07,2019-11-05 18:16:00.248,28.088,25,False
2019-11-05 18:15:32.161,TIK,7105,GA38,2019-11-05 18:15:56.264,24.103,6,False
2019-11-05 18:15:32.559,TIK,7112C,QA06,2019-11-05 18:16:49.254,76.695,5,False
2019-11-05 18:15:33.156,HOM,06,QA17,2019-11-05 18:16:08.416,35.26,20,False
2019-11-05 18:15:33.156,YAT,7002,QA05,2019-11-05 18:15:51.284,18.128,9,False
2019-11-05 18:15:33.157,SKM,04,QA20,2019-11-05 18:15:55.069,21.912,9,False
2019-11-05 18:15:34.352,CHH,21,GA11,2019-11-05 18:15:55.069,20.717,9,False
2019-11-05 18:15:34.949,NTK,01,GA10,2019-11-05 18:15:49.669,14.72,6,False
2019-11-05 18:15:35.505,KOT,06,RA46,2019-11-05 18:16:00.449,24.944,7,False
2019-11-05 18:15:36.144,MOK,33,GA15,2019-11-05 18:16:04.034,27.89,9,False
2019-11-05 18:15:37.937,LAT,6102,RA04,2019-11-05 18:15:54.272,16.335,3,False
2019-11-05 18:15:38.136,TIK,7112B,QA06,2019-11-05 18:16:53.238,75.102,1,False
2019-11-05 18:15:38.324,YAT,7005,GA08,2019-11-05 18:15:55.269,16.945,18,False
2019-11-05 18:15:38.430,TIK,7107,GA38,2019-11-05 18:16:05.131,26.701,18,False
2019-11-05 18:15:38.536,TIK,7104,RA37,2019-11-05 18:15:58.256,19.72,19,False
2019-11-05 18:15:38.734,DIH,09,GA40,2019-11-05 18:16:07.620,28.886,13,False
2019-11-05 18:15:39.730,TIK,7112A,QA06,2019-11-05 18:17:04.195,84.465,70,True
2019-11-05 18:15:39.934,KWT,6009,GA09,2019-11-05 18:16:03.416,23.482,8,False
2019-11-05 18:15:40.483,MOK,40,QA18,2019-11-05 18:17:06.585,86.102,70,True
2019-11-05 18:15:40.925,WTS,12,QA01,2019-11-05 18:16:01.010,20.085,9,False
2019-11-05 18:15:41.125,NTK,03,GA10,2019-11-05 18:15:52.081,10.956,2,False
2019-11-05 18:15:41.325,SKM,22A,RA19,2019-11-05 18:16:02.628,21.303,2,False
2019-11-05 18:15:41.921,KWT,6016,RA04,2019-11-05 18:16:07.022,25.101,11,False
2019-11-05 18:15:42.284,LAT,6112,QA05,2019-11-05 18:16:21.118,38.834,32,False
2019-11-05 18:15:43.118,SKM,06,QA20,2019-11-05 18:16:04.626,21.508,8,False
2019-11-05 18:15:43.317,KOT,08,RA46,2019-11-05 18:17:21.127,97.81,9,False
2019-11-05 18:15:43.649,NTK,05,GA10,2019-11-05 18:16:00.049,16.4,6,False
2019-11-05 18:15:43.714,KOB,01,GA11,2019-11-05 18:16:02.628,18.914,6,False
2019-11-05 18:15:44.083,SKM,22B,RA19,2019-11-05 18:16:57.024,72.941,4,False
2019-11-05 18:15:45.308,MOK,35,GA15,2019-11-05 18:16:54.602,69.294,9,False
2019-11-05 18:15:45.706,KOT,11,GA13,2019-11-05 18:16:11.006,25.3,15,False
2019-11-05 18:15:48.223,SKM,22C,RA19,2019-11-05 18:17:03.198,74.975,4,False
2019-11-05 18:15:48.695,KWT,6011,GA09,2019-11-05 18:16:07.818,19.123,6,False
2019-11-05 18:15:50.067,KOB,03,GA11,2019-11-05 18:16:10.607,20.54,9,False
2019-11-05 18:15:50.089,NTK,07,GA10,2019-11-05 18:16:12.003,21.914,8,False
2019-11-05 18:15:50.487,WTS,14,QA01,2019-11-05 18:16:08.616,18.129,8,False
2019-11-05 18:15:51.683,YMT,31,GA42,2019-11-05 18:16:17.181,25.498,12,False
2019-11-05 18:15:51.683,SKM,08,QA20,2019-11-05 18:16:19.088,27.405,8,False
2019-11-05 18:15:52.598,MOK,32A,RA19,2019-11-05 18:17:11.565,78.967,58,True
2019-11-05 18:15:52.644,KOT,10,RA46,2019-11-05 18:17:29.495,96.851,85,True
2019-11-05 18:15:52.679,CHH,01,GA40,2019-11-05 18:16:16.584,23.905,8,False
2019-11-05 18:15:53.277,HOM,08,QA17,2019-11-05 18:16:57.421,64.144,28,False
2019-11-05 18:15:53.675,KWT,6014,RA04,2019-11-05 18:16:16.385,22.71,11,False
2019-11-05 18:15:54.272,HOM,14,RA44,2019-11-05 18:16:19.087,24.815,7,False
2019-11-05 18:15:54.884,KWT,6013,GA09,2019-11-05 18:16:17.780,22.896,9,False
2019-11-05 18:15:55.269,MOK,37,GA15,2019-11-05 18:17:01.007,65.738,47,True
2019-11-05 18:15:56.884,YAT,7007,GA08,2019-11-05 18:16:19.173,22.289,17,False
2019-11-05 18:15:57.051,LAT,6107,GA39,2019-11-05 18:16:11.206,14.155,7,False
2019-11-05 18:15:57.260,TIK,7109A,GA38,2019-11-05 18:17:04.194,66.934,0,False
2019-11-05 18:15:57.460,TIK,7115,GA07,2019-11-05 18:16:05.132,7.672,0,False
2019-11-05 18:15:57.659,TIK,7149,GA07,2019-11-05 18:16:11.205,13.546,0,False
2019-11-05 18:15:58.057,TIK,7102,RA37,2019-11-05 18:16:11.205,13.148,16,False
2019-11-05 18:15:58.058,TIK,7120,GA07,2019-11-05 18:16:19.173,21.115,0,False
2019-11-05 18:15:58.256,TIK,7109B,GA38,2019-11-05 18:17:08.776,70.52,16,False
2019-11-05 18:15:58.854,TIK,7122,GA07,2019-11-05 18:16:56.226,57.372,,False
2019-11-05 18:15:59.021,LOF,02,QA01,2019-11-05 18:16:16.584,17.563,6,False
2019-11-05 18:15:59.053,NTK,09,GA10,2019-11-05 18:17:16.147,77.094,9,False
2019-11-05 18:15:59.608,KOB,05,GA11,2019-11-05 18:16:20.169,20.561,10,False
2019-11-05 18:16:00.248,SKM,10,QA20,2019-11-05 18:17:15.549,75.301,11,False
2019-11-05 18:16:00.448,WTS,07,GA12,2019-11-05 18:16:23.557,23.109,14,False
2019-11-05 18:16:01.009,DIH,12,RA35,2019-11-05 18:16:23.557,22.548,10,False
2019-11-05 18:16:01.421,KOT,13,GA13,2019-11-05 18:16:19.087,17.666,7,False
2019-11-05 18:16:01.597,CHH,03,GA40,2019-11-05 18:16:22.457,20.86,6,False
2019-11-05 18:16:01.842,HOM,22,RA44,2019-11-05 18:16:27.418,25.576,4,False
2019-11-05 18:16:03.797,YMT,33,GA42,2019-11-05 18:16:27.540,23.743,5,False
2019-11-05 18:16:04.432,KWT,6015,GA09,2019-11-05 18:16:29.333,24.901,10,False
2019-11-05 18:16:04.773,KWT,6012,RA04,2019-11-05 18:16:26.545,21.772,9,False
2019-11-05 18:16:04.830,LAT,6109,GA39,2019-11-05 18:16:32.321,27.491,21,False
2019-11-05 18:16:05.229,LOF,04,QA01,2019-11-05 18:16:23.557,18.328,6,False
2019-11-05 18:16:06.823,HOM,05,RA44,2019-11-05 18:16:35.907,29.084,3,False
2019-11-05 18:16:07.818,CHH,05,GA40,2019-11-05 18:16:29.532,21.714,8,False
2019-11-05 18:16:08.217,NTK,11,GA10,2019-11-05 18:17:26.107,77.89,65,True
2019-11-05 18:16:08.814,YMT,35,GA42,2019-11-05 18:17:22.123,73.309,56,True
2019-11-05 18:16:09.412,KOT,15,GA13,2019-11-05 18:16:25.548,16.136,6,False
2019-11-05 18:16:09.810,KOB,07,GA11,2019-11-05 18:16:39.094,29.284,11,False
2019-11-05 18:16:10.010,HOM,03,RA44,2019-11-05 18:18:48.181,158.171,,False
2019-11-05 18:16:11.404,SKM,12,QA20,2019-11-05 18:17:24.473,73.069,61,True
2019-11-05 18:16:11.803,WTS,02,RA35,2019-11-05 18:16:32.520,20.717,8,False
2019-11-05 18:16:12.199,LOF,06,QA01,2019-11-05 18:16:38.098,25.899,8,False
2019-11-05 18:16:12.382,HOM,13,GA43,2019-11-05 18:16:36.903,24.521,6,False
2019-11-05 18:16:14.194,KWT,6010,RA04,2019-11-05 18:16:42.481,28.287,7,False
2019-11-05 18:16:14.392,TIK,7109C,GA38,2019-11-05 18:17:22.322,67.93,45,True
2019-11-05 18:16:14.468,YAT,7012,RA37,2019-11-05 18:16:31.325,16.857,11,False
2019-11-05 18:16:14.591,LAT,6110,QA05,2019-11-05 18:16:40.239,25.648,11,False
2019-11-05 18:16:14.791,YAT,7009,GA08,2019-11-05 18:16:34.313,19.522,11,False
2019-11-05 18:16:14.792,WTS,09,GA12,2019-11-05 18:16:31.524,16.732,8,False
2019-11-05 18:16:14.990,LAT,6101,GA09,2019-11-05 18:16:32.321,17.331,10,False
2019-11-05 18:16:15.587,HOM,03,GA44,2019-11-05 18:18:48.181,152.594,136,False
2019-11-05 18:16:16.185,LOF,01,GA13,2019-11-05 18:16:31.524,15.339,6,False
2019-11-05 18:16:16.385,CHH,07,GA40,2019-11-05 18:16:32.505,16.12,2,False
2019-11-05 18:16:16.982,CHH,12,QA02,2019-11-05 18:16:40.090,23.108,9,False
2019-11-05 18:16:18.974,CHH,09B,GA40,2019-11-05 18:16:50.022,31.048,10,False
2019-11-05 18:16:19.088,WHA,04,GA16,2019-11-05 18:16:48.259,29.171,12,False
2019-11-05 18:16:19.372,HOM,15,GA43,2019-11-05 18:16:49.255,29.883,14,False
2019-11-05 18:16:20.768,WTS,04,RA35,2019-11-05 18:16:40.488,19.72,7,False
2019-11-05 18:16:20.966,LOF,08,QA01,2019-11-05 18:17:41.048,80.082,10,False
2019-11-05 18:16:21.118,KOB,09,GA11,2019-11-05 18:17:47.623,86.505,71,True
2019-11-05 18:16:21.365,HOM,10,QA17,2019-11-05 18:17:52.203,90.838,13,False
2019-11-05 18:16:21.938,KWT,6008,RA04,2019-11-05 18:17:46.028,84.09,66,True
2019-11-05 18:16:22.761,LOF,03,GA13,2019-11-05 18:16:38.496,15.735,5,False
2019-11-05 18:16:23.556,WTS,11,GA12,2019-11-05 18:16:39.492,15.936,6,False
2019-11-05 18:16:25.747,LAT,6103,GA09,2019-11-05 18:16:54.832,29.085,7,False
2019-11-05 18:16:25.924,YAT,7010,RA37,2019-11-05 18:16:48.258,22.334,18,False
2019-11-05 18:16:25.924,YAT,7001,GA39,2019-11-05 18:16:54.832,28.908,23,False
2019-11-05 18:16:25.925,LAT,6108,QA05,2019-11-05 18:16:54.832,28.907,7,False
2019-11-05 18:16:25.925,TIK,7101,GA08,2019-11-05 18:17:08.776,42.851,33,False
2019-11-05 18:16:26.943,CHH,14,QA02,2019-11-05 18:16:46.066,19.123,5,False
2019-11-05 18:16:28.139,LOF,05,GA13,2019-11-05 18:16:52.441,24.302,6,False
2019-11-05 18:16:28.536,WTS,06,RA35,2019-11-05 18:16:54.035,25.499,7,False
2019-11-05 18:16:29.731,DIH,01,GA12,2019-11-05 18:16:51.047,21.316,6,False
2019-11-05 18:16:29.930,CHH,11,GA40,2019-11-05 18:17:43.036,73.106,58,True
2019-11-05 18:16:31.126,WHA,02,GA16,2019-11-05 18:16:58.020,26.894,10,False
2019-11-05 18:16:31.723,LOF,10,QA01,2019-11-05 18:17:49.614,77.891,66,True
2019-11-05 18:16:32.321,YMT,42,RA45,2019-11-05 18:16:53.039,20.718,8,False
2019-11-05 18:16:32.626,CHH,16,QA02,2019-11-05 18:16:50.050,17.424,4,False
2019-11-05 18:16:33.715,LAT,6105,GA09,2019-11-05 18:17:51.169,77.454,65,True
2019-11-05 18:16:33.915,LAT,6106,QA05,2019-11-05 18:17:47.207,73.292,15,False
2019-11-05 18:16:34.106,HOM,17,GA43,2019-11-05 18:17:09.174,35.068,23,False
2019-11-05 18:16:34.313,SKM,15,GA41,2019-11-05 18:16:59.015,24.702,13,False
2019-11-05 18:16:34.711,LOF,07,GA13,2019-11-05 18:17:52.597,77.886,11,False
2019-11-05 18:16:34.912,HOM,12,QA17,2019-11-05 18:17:58.777,83.865,67,True
2019-11-05 18:16:35.310,NTK,08,QA36,2019-11-05 18:17:01.551,26.241,15,False
2019-11-05 18:16:36.078,WTS,08,RA35,2019-11-05 18:18:02.562,86.484,10,False
2019-11-05 18:16:36.704,DIH,03,GA12,2019-11-05 18:17:53.598,76.894,8,False
2019-11-05 18:16:37.500,CHH,18,QA02,2019-11-05 18:16:54.035,16.535,3,False
2019-11-05 18:16:37.701,KOB,12,RA03,2019-11-05 18:16:58.608,20.907,12,False
2019-11-05 18:16:41.263,YMT,44,RA45,2019-11-05 18:17:04.590,23.327,11,False
2019-11-05 18:16:41.485,CHH,20,QA02,2019-11-05 18:16:58.608,17.123,5,False
2019-11-05 18:16:41.684,HOM,20,GA16,2019-11-05 18:17:14.951,33.267,16,False
2019-11-05 18:16:43.078,MOK,39,GA15,2019-11-05 18:17:09.550,26.472,7,False
2019-11-05 18:16:44.473,YAT,7008,RA37,2019-11-05 18:17:05.149,20.676,5,False
2019-11-05 18:16:45.070,DIH,05,GA12,2019-11-05 18:18:03.559,78.489,65,True
2019-11-05 18:16:46.612,LOF,09,GA13,2019-11-05 18:18:01.566,74.954,63,True
2019-11-05 18:16:46.863,DIH,02,QA02,2019-11-05 18:17:06.186,19.323,8,False
2019-11-05 18:16:47.063,WTS,10,RA35,2019-11-05 18:18:11.527,84.464,73,True
2019-11-05 18:16:48.259,SKM,17,GA41,2019-11-05 18:17:06.983,18.724,9,False
2019-11-05 18:16:49.254,YAT,7003A,GA39,2019-11-05 18:17:51.169,61.915,0,False
2019-11-05 18:16:49.647,LAT,6104,QA05,2019-11-05 18:17:53.156,63.509,56,True
2019-11-05 18:16:49.647,TIK,7120,RA07,2019-11-05 18:17:04.195,14.548,0,False
2019-11-05 18:16:49.852,YAT,7003B,GA39,2019-11-05 18:17:53.156,63.304,0,False
2019-11-05 18:16:50.021,YAT,7003C,GA39,2019-11-05 18:17:56.188,66.167,9,False
2019-11-05 18:16:50.021,TIK,7110,QA06,2019-11-05 18:17:08.776,18.755,9,False
2019-11-05 18:16:50.250,YAT,7006C,RA37,2019-11-05 18:18:00.969,70.719,9,False
2019-11-05 18:16:50.449,TIK,7118,RA07,2019-11-05 18:17:08.777,18.328,9,False
2019-11-05 18:16:50.606,NTK,10,QA36,2019-11-05 18:17:10.569,19.963,10,False
2019-11-05 18:16:50.606,KOB,14,RA03,2019-11-05 18:17:06.585,15.979,6,False
2019-11-05 18:16:50.848,MOK,41,GA15,2019-11-05 18:17:19.636,28.788,5,False
2019-11-05 18:16:51.047,MOK,42,QA18,2019-11-05 18:17:13.159,22.112,9,False
2019-11-05 18:16:51.246,MOK,32B,RA19,2019-11-05 18:17:17.541,26.295,6,False
2019-11-05 18:16:52.839,SKM,01,GA14,2019-11-05 18:17:18.139,25.3,12,False
2019-11-05 18:16:53.238,HOM,02,RA45,2019-11-05 18:17:27.303,34.065,22,False
2019-11-05 18:16:55.628,DIH,04,QA02,2019-11-05 18:17:12.561,16.933,6,False
2019-11-05 18:16:56.823,MOK,43,GA15,2019-11-05 18:17:26.505,29.682,7,False
2019-11-05 18:16:57.023,KOB,16,RA03,2019-11-05 18:17:15.549,18.526,9,False
2019-11-05 18:16:57.421,HOM,19,GA43,2019-11-05 18:17:32.618,35.197,23,False
2019-11-05 18:16:57.820,MOK,34A,RA19,2019-11-05 18:17:24.473,26.653,7,False
2019-11-05 18:16:58.218,SKM,19,GA41,2019-11-05 18:17:14.155,15.937,6,False
2019-11-05 18:16:58.417,HOM,18,GA16,2019-11-05 18:17:19.932,21.515,5,False
2019-11-05 18:16:59.413,YAT,7003D,GA39,2019-11-05 18:18:00.969,61.556,48,True
2019-11-05 18:16:59.609,YAT,7006B,RA37,2019-11-05 18:18:03.160,63.551,0,False
2019-11-05 18:16:59.812,TIK,7116,RA07,2019-11-05 18:17:18.314,18.502,19,False
2019-11-05 18:16:59.812,TIK,7103,GA08,2019-11-05 18:17:24.314,24.502,19,False
2019-11-05 18:17:00.011,TIK,7108,QA06,2019-11-05 18:17:15.151,15.14,18,False
2019-11-05 18:17:00.011,TIK,7111,GA38,2019-11-05 18:17:28.299,28.288,19,False
2019-11-05 18:17:00.012,YAT,7006A,RA37,2019-11-05 18:18:08.271,68.259,53,True
2019-11-05 18:17:00.210,MOK,44,QA18,2019-11-05 18:17:17.541,17.331,4,False
2019-11-05 18:17:00.781,NTK,12,QA36,2019-11-05 18:17:13.557,12.776,2,False
2019-11-05 18:17:01.804,DIH,06,QA02,2019-11-05 18:17:32.056,30.252,10,False
2019-11-05 18:17:03.398,NTK,14,QA36,2019-11-05 18:17:18.538,15.14,5,False
2019-11-05 18:17:03.796,HOM,22,GA16,2019-11-05 18:17:24.907,21.111,4,False
2019-11-05 18:17:04.590,MOK,46,QA18,2019-11-05 18:17:26.505,21.915,9,False
2019-11-05 18:17:04.649,MOK,45,GA15,2019-11-05 18:17:46.625,41.976,20,False
2019-11-05 18:17:04.649,SKM,21,GA41,2019-11-05 18:17:19.636,14.987,6,False
2019-11-05 18:17:05.149,YMT,37,GA42,2019-11-05 18:17:26.107,20.958,7,False
2019-11-05 18:17:05.190,SKM,03,GA14,2019-11-05 18:17:26.506,21.316,9,False
2019-11-05 18:17:05.591,MOK,34B,RA19,2019-11-05 18:17:31.088,25.497,9,False
2019-11-05 18:17:06.187,CHH,02,RA03,2019-11-05 18:17:26.505,20.318,12,False
2019-11-05 18:17:08.178,HOM,07,GA16,2019-11-05 18:17:34.075,25.897,4,False
2019-11-05 18:17:09.374,KOB,02,QA36,2019-11-05 18:17:26.505,17.131,8,False
2019-11-05 18:17:11.565,KOT,01,GA41,2019-11-05 18:17:26.107,14.542,5,False
2019-11-05 18:17:12.157,DIH,08,QA02,2019-11-05 18:18:31.049,78.892,10,False
2019-11-05 18:17:12.562,YMT,39,GA42,2019-11-05 18:17:33.023,20.461,7,False
2019-11-05 18:17:12.960,SKM,14,QA20,2019-11-05 18:17:30.091,17.131,7,False
2019-11-05 18:17:13.160,HOM,09,GA16,2019-11-05 18:18:18.100,64.94,7,False
2019-11-05 18:17:13.557,NTK,13,GA10,2019-11-05 18:17:34.633,21.076,10,False
2019-11-05 18:17:14.156,YMT,32,QA18,2019-11-05 18:17:34.633,20.477,6,False
2019-11-05 18:17:14.354,SKM,05,GA14,2019-11-05 18:17:34.076,19.722,7,False
2019-11-05 18:17:15.152,MOK,36,RA19,2019-11-05 18:17:51.543,36.391,16,False
2019-11-05 18:17:15.947,HOM,04,RA45,2019-11-05 18:17:44.036,28.089,14,False
2019-11-05 18:17:17.449,KOT,03,GA41,2019-11-05 18:17:32.056,14.607,5,False
2019-11-05 18:17:17.740,KOB,04,QA36,2019-11-05 18:17:34.633,16.893,7,False
2019-11-05 18:17:18.314,KOT,12,RA46,2019-11-05 18:17:40.052,21.738,12,False
2019-11-05 18:17:18.538,CHH,04,RA03,2019-11-05 18:17:39.056,20.518,10,False
2019-11-05 18:17:18.874,TIK,7114,RA07,2019-11-05 18:17:31.286,12.412,0,False
2019-11-05 18:17:18.874,TIK,7106,QA06,2019-11-05 18:17:36.280,17.406,13,False
2019-11-05 18:17:19.135,TIK,7105,GA08,2019-11-05 18:17:36.280,17.145,0,False
2019-11-05 18:17:19.334,TIK,7113,GA38,2019-11-05 18:17:41.247,21.913,13,False
2019-11-05 18:17:19.335,TIK,7112C,RA07,2019-11-05 18:18:33.194,73.859,0,False
2019-11-05 18:17:19.637,TIK,7112B,RA07,2019-11-05 18:18:39.210,79.573,12,False
2019-11-05 18:17:19.932,TIK,7107,GA08,2019-11-05 18:17:46.127,26.195,12,False
2019-11-05 18:17:20.131,YMT,41,GA42,2019-11-05 18:17:43.036,22.905,9,False
2019-11-05 18:17:20.330,SKM,16,QA20,2019-11-05 18:17:34.076,13.746,3,False
2019-11-05 18:17:20.625,HOM,21,GA43,2019-11-05 18:17:55.790,35.165,22,False
2019-11-05 18:17:20.928,HOM,11,GA16,2019-11-05 18:18:26.467,65.539,48,True
2019-11-05 18:17:21.127,YMT,34,QA18,2019-11-05 18:17:36.067,14.94,2,False
2019-11-05 18:17:22.123,SKM,07,GA14,2019-11-05 18:17:42.044,19.921,7,False
2019-11-05 18:17:23.074,KOT,05,GA41,2019-11-05 18:17:39.056,15.982,6,False
2019-11-05 18:17:23.119,DIH,10,QA02,2019-11-05 18:18:40.160,77.041,65,True
2019-11-05 18:17:23.717,YMT,36,QA18,2019-11-05 18:17:45.032,21.315,3,False
2019-11-05 18:17:23.916,SKM,18,QA20,2019-11-05 18:17:44.036,20.12,8,False
2019-11-05 18:17:24.473,NTK,15,GA10,2019-11-05 18:17:44.036,19.563,9,False
2019-11-05 18:17:25.310,MOK,47,GA15,2019-11-05 18:20:25.594,180.284,163,True
2019-11-05 18:17:25.311,KOB,06,QA36,2019-11-05 18:17:49.215,23.904,7,False
2019-11-05 18:17:27.701,YMT,38,QA18,2019-11-05 18:17:52.597,24.896,3,False
2019-11-05 18:17:28.221,KWT,6006,RA04,2019-11-05 18:17:50.555,22.334,6,False
2019-11-05 18:17:28.872,CHH,13A,GA40,2019-11-05 18:17:52.984,24.112,11,False
2019-11-05 18:17:29.042,CHH,06,RA03,2019-11-05 18:17:49.017,19.975,7,False
2019-11-05 18:17:29.095,KOT,07,GA41,2019-11-05 18:17:52.597,23.502,6,False
2019-11-05 18:17:29.494,MOK,31,GA42,2019-11-05 18:17:51.542,22.048,8,False
2019-11-05 18:17:29.892,SKM,09,GA14,2019-11-05 18:17:46.029,16.137,3,False
2019-11-05 18:17:30.690,KOT,14,RA46,2019-11-05 18:17:47.999,17.309,7,False
2019-11-05 18:17:30.888,HOM,06,RA45,2019-11-05 18:18:06.547,35.659,20,False
2019-11-05 18:17:31.088,YMT,40,QA18,2019-11-05 18:18:57.145,86.057,69,True
2019-11-05 18:17:31.884,MOK,38,RA19,2019-11-05 18:18:46.587,74.703,11,False
2019-11-05 18:17:32.057,SKM,20,QA20,2019-11-05 18:18:00.172,28.115,11,False
2019-11-05 18:17:32.283,TIK,7112A,RA07,2019-11-05 18:18:47.185,74.902,58,True
2019-11-05 18:17:32.482,TIK,7104,QA06,2019-11-05 18:17:46.127,13.645,14,False
2019-11-05 18:17:32.617,TIK,7109A,GA08,2019-11-05 18:18:47.185,74.568,14,False
2019-11-05 18:17:32.681,TIK,7115,GA38,2019-11-05 18:17:46.127,13.446,0,False
2019-11-05 18:17:32.880,TIK,7149,GA38,2019-11-05 18:17:51.170,18.29,,False
2019-11-05 18:17:33.023,KOB,11,GA11,2019-11-05 18:17:57.582,24.559,14,False
2019-11-05 18:17:33.079,KOB,08,QA36,2019-11-05 18:19:01.129,88.05,12,False
2019-11-05 18:17:33.280,SKM,11,GA14,2019-11-05 18:17:54.992,21.712,4,False
2019-11-05 18:17:33.677,KWT,6001,GA10,2019-11-05 18:17:54.562,20.885,7,False
2019-11-05 18:17:34.872,KWT,6004,RA04,2019-11-05 18:17:54.562,19.69,6,False
2019-11-05 18:17:35.279,KOT,09,GA41,2019-11-05 18:19:51.110,135.831,121,True
2019-11-05 18:17:36.641,CHH,08,RA03,2019-11-05 18:17:59.535,22.894,4,False
2019-11-05 18:17:37.860,KOT,16,RA46,2019-11-05 18:17:55.988,18.128,9,False
2019-11-05 18:17:37.860,SKM,13,GA14,2019-11-05 18:18:49.177,71.317,54,True
2019-11-05 18:17:38.410,MOK,33,GA42,2019-11-05 18:18:08.465,30.055,9,False
2019-11-05 18:17:38.411,LOF,12,QA01,2019-11-05 18:17:58.578,20.167,11,False
2019-11-05 18:17:39.653,LAT,6107,GA09,2019-11-05 18:18:00.968,21.315,10,False
2019-11-05 18:17:40.848,CHH,15,GA40,2019-11-05 18:18:01.151,20.303,7,False
2019-11-05 18:17:40.848,CHH,10,RA03,2019-11-05 18:19:13.480,92.632,75,True
2019-11-05 18:17:41.446,KWT,6003,GA10,2019-11-05 18:17:59.176,17.73,4,False
2019-11-05 18:17:41.845,KWT,6002,RA04,2019-11-05 18:18:03.927,22.082,11,False
2019-11-05 18:17:42.004,HOM,14,QA17,2019-11-05 18:18:03.927,21.923,8,False
2019-11-05 18:17:42.369,TIK,7120,QA38,2019-11-05 18:18:00.969,18.6,4,False
2019-11-05 18:17:42.641,YMT,31,GA43,2019-11-05 18:18:08.140,25.499,12,False
2019-11-05 18:17:43.037,MOK,40,RA19,2019-11-05 18:18:53.955,70.918,53,True
2019-11-05 18:17:43.206,SKM,22A,QA20,2019-11-05 18:18:07.543,24.337,4,False
2019-11-05 18:17:45.430,KOB,10,QA36,2019-11-05 18:19:11.095,85.665,73,True
2019-11-05 18:17:45.629,KWT,6005,GA10,2019-11-05 18:18:10.332,24.703,5,False
2019-11-05 18:17:46.127,LAT,6102,QA05,2019-11-05 18:17:57.184,11.057,9,False
2019-11-05 18:17:46.625,TIK,7109B,GA08,2019-11-05 18:18:53.161,66.536,0,False
2019-11-05 18:17:46.625,TIK,7122,QA38,2019-11-05 18:18:39.210,52.585,37,False
2019-11-05 18:17:46.826,TIK,7102,QA06,2019-11-05 18:18:00.968,14.142,2,False
2019-11-05 18:17:47.208,TIK,7109C,GA08,2019-11-05 18:19:04.317,77.109,,True
2019-11-05 18:17:47.422,YAT,7005,GA39,2019-11-05 18:18:05.152,17.73,7,False
2019-11-05 18:17:47.623,SKM,02,RA46,2019-11-05 18:18:03.559,15.936,4,False
2019-11-05 18:17:47.807,SKM,22B,QA20,2019-11-05 18:19:04.516,76.709,3,False
2019-11-05 18:17:47.821,KOB,13,GA11,2019-11-05 18:18:06.546,18.725,9,False
2019-11-05 18:17:48.219,MOK,35,GA42,2019-11-05 18:19:01.528,73.309,11,False
2019-11-05 18:17:48.817,CHH,17,GA40,2019-11-05 18:18:08.465,19.648,8,False
2019-11-05 18:17:49.813,LAT,6109,GA09,2019-11-05 18:18:18.300,28.487,24,False
2019-11-05 18:17:49.814,YAT,7012,QA06,2019-11-05 18:18:19.097,29.283,19,False
2019-11-05 18:17:50.013,LOF,14,QA01,2019-11-05 18:18:05.550,15.537,7,False
2019-11-05 18:17:50.212,DIH,07,GA12,2019-11-05 18:18:11.527,21.315,8,False
2019-11-05 18:17:50.410,LOF,11,GA13,2019-11-05 18:18:10.530,20.12,11,False
2019-11-05 18:17:50.487,HOM,16,QA17,2019-11-05 18:18:06.149,15.662,4,False
2019-11-05 18:17:50.809,KWT,6007,GA10,2019-11-05 18:19:21.423,90.614,72,True
2019-11-05 18:17:51.008,SKM,22C,QA20,2019-11-05 18:19:10.096,79.088,6,False
2019-11-05 18:17:51.543,HOM,08,RA45,2019-11-05 18:18:44.794,53.251,28,False
2019-11-05 18:17:52.598,SKM,04,RA46,2019-11-05 18:18:11.128,18.53,7,False
2019-11-05 18:17:53.598,NTK,02,RA04,2019-11-05 18:18:10.530,16.932,7,False
2019-11-05 18:17:53.971,YAT,7004,RA37,2019-11-05 18:18:12.324,18.353,14,False
2019-11-05 18:17:54.793,YAT,7007,GA39,2019-11-05 18:18:30.253,35.46,25,False
2019-11-05 18:17:55.191,HOM,18,QA17,2019-11-05 18:18:09.734,14.543,2,False
2019-11-05 18:17:55.391,YMT,33,GA43,2019-11-05 18:18:19.096,23.705,4,False
2019-11-05 18:17:55.590,KWT,6014,QA05,2019-11-05 18:18:18.897,23.307,10,False
2019-11-05 18:17:57.184,MOK,32A,QA20,2019-11-05 18:19:16.611,79.427,61,True
2019-11-05 18:17:57.384,CHH,19,GA40,2019-11-05 18:18:16.507,19.123,7,False
2019-11-05 18:17:57.582,KOB,15,GA11,2019-11-05 18:18:14.116,16.534,7,False
2019-11-05 18:17:57.583,HOM,20,QA17,2019-11-05 18:18:20.873,23.29,,False
2019-11-05 18:17:57.781,KOT,02,QA01,2019-11-05 18:18:13.120,15.339,6,False
2019-11-05 18:17:58.734,DIH,09,GA12,2019-11-05 18:18:20.093,21.359,10,False
2019-11-05 18:17:59.376,MOK,37,GA42,2019-11-05 18:19:07.504,68.128,51,True
2019-11-05 18:17:59.535,HOM,20,GA17,2019-11-05 18:18:20.873,21.338,9,False
2019-11-05 18:17:59.972,YMT,35,GA43,2019-11-05 18:19:35.594,95.622,78,True
2019-11-05 18:18:00.172,SKM,06,RA46,2019-11-05 18:18:18.614,18.442,8,False
2019-11-05 18:18:00.173,WTS,12,RA35,2019-11-05 18:18:20.491,20.318,9,False
2019-11-05 18:18:01.368,NTK,04,RA04,2019-11-05 18:18:25.471,24.103,7,False
2019-11-05 18:18:01.765,LOF,13,GA13,2019-11-05 18:18:19.096,17.331,7,False
2019-11-05 18:18:04.355,TIK,7109C,RS08,2019-11-05 18:19:04.317,59.962,39,True
2019-11-05 18:18:04.753,KOT,04,QA01,2019-11-05 18:18:21.089,16.336,5,False
2019-11-05 18:18:04.953,CHH,21,GA40,2019-11-05 18:18:24.475,19.522,7,False
2019-11-05 18:18:05.152,NTK,01,GA11,2019-11-05 18:18:20.093,14.941,5,False
2019-11-05 18:18:06.124,KWT,6012,QA05,2019-11-05 18:18:28.858,22.734,9,False
2019-11-05 18:18:08.140,YAT,7002,RA37,2019-11-05 18:18:19.097,10.957,8,False
2019-11-05 18:18:08.339,SKM,08,RA46,2019-11-05 18:18:32.045,23.706,6,False
2019-11-05 18:18:08.937,HOM,13,GA16,2019-11-05 18:18:31.434,22.497,5,False
2019-11-05 18:18:09.095,NTK,06,RA04,2019-11-05 18:19:35.991,86.896,71,True
2019-11-05 18:18:09.254,YAT,7010,QA06,2019-11-05 18:18:33.194,23.94,14,False
2019-11-05 18:18:09.335,WHA,02,GA17,2019-11-05 18:18:27.862,18.527,6,False
2019-11-05 18:18:09.534,CHH,01,GA12,2019-11-05 18:18:26.467,16.933,5,False
2019-11-05 18:18:09.735,WTS,01,GA13,2019-11-05 18:18:28.681,18.946,9,False
2019-11-05 18:18:09.933,WTS,14,RA35,2019-11-05 18:18:27.680,17.747,7,False
2019-11-05 18:18:10.688,KOT,06,QA01,2019-11-05 18:18:34.635,23.947,5,False
2019-11-05 18:18:10.929,NTK,03,GA11,2019-11-05 18:18:22.085,11.156,1,False
2019-11-05 18:18:12.124,KOB,01,GA40,2019-11-05 18:18:32.603,20.479,7,False
2019-11-05 18:18:12.323,NTK,05,GA11,2019-11-05 18:18:29.654,17.331,7,False
2019-11-05 18:18:14.714,YAT,7001,GA09,2019-11-05 18:18:47.105,32.391,13,False
2019-11-05 18:18:14.913,SKM,10,RA46,2019-11-05 18:19:27.624,72.711,9,False
2019-11-05 18:18:14.914,HOM,15,GA16,2019-11-05 18:18:43.202,28.288,14,False
2019-11-05 18:18:15.112,CHH,03,GA12,2019-11-05 18:18:31.049,15.937,4,False
2019-11-05 18:18:15.898,WHA,04,GA17,2019-11-05 18:18:41.195,25.297,6,False
2019-11-05 18:18:15.898,KWT,6010,QA05,2019-11-05 18:18:44.595,28.697,8,False
2019-11-05 18:18:16.308,KOT,08,QA01,2019-11-05 18:20:19.618,123.31,11,False
2019-11-05 18:18:17.104,LAT,6112,RA37,2019-11-05 18:18:53.161,36.057,15,False
2019-11-05 18:18:17.304,LOF,02,RA35,2019-11-05 18:18:35.033,17.729,5,False
2019-11-05 18:18:19.296,WTS,03,GA13,2019-11-05 18:18:44.994,25.698,5,False
2019-11-05 18:18:19.694,HOM,10,RA45,2019-11-05 18:19:42.166,82.472,9,False
2019-11-05 18:18:19.695,CHH,05,GA12,2019-11-05 18:18:37.025,17.33,6,False
2019-11-05 18:18:19.893,KOB,03,GA40,2019-11-05 18:18:40.160,20.267,9,False
2019-11-05 18:18:20.093,NTK,07,GA11,2019-11-05 18:18:42.005,21.912,8,False
2019-11-05 18:18:20.292,YAT,7009,GA39,2019-11-05 18:18:47.105,26.813,22,False
2019-11-05 18:18:22.086,WHA,06,GA17,2019-11-05 18:21:14.400,172.314,154,True
2019-11-05 18:18:23.082,LOF,04,RA35,2019-11-05 18:18:42.603,19.521,7,False
2019-11-05 18:18:23.680,TIK,7120,QA38,2019-11-05 18:18:47.105,23.425,4,False
2019-11-05 18:18:23.877,YAT,7008,QA06,2019-11-05 18:18:49.177,25.3,8,False
2019-11-05 18:18:24.276,KWT,6008,QA05,2019-11-05 18:19:47.346,83.07,65,True
2019-11-05 18:18:24.678,SKM,12,RA46,2019-11-05 18:19:36.969,72.291,60,True
2019-11-05 18:18:25.073,WTS,05,GA13,2019-11-05 18:19:39.578,74.505,59,True
2019-11-05 18:18:25.870,CHH,07,GA12,2019-11-05 18:18:40.160,14.29,2,False
2019-11-05 18:18:27.680,KOT,10,QA01,2019-11-05 18:20:27.985,120.305,108,True
2019-11-05 18:18:27.862,YAT,7003A,GA09,2019-11-05 18:19:37.187,69.325,4,False
2019-11-05 18:18:28.061,TIK,7118,QA38,2019-11-05 18:18:49.177,21.116,6,False
2019-11-05 18:18:28.260,DIH,12,QA02,2019-11-05 18:18:50.452,22.192,10,False
2019-11-05 18:18:28.261,NTK,09,GA11,2019-11-05 18:19:37.968,69.707,10,False
2019-11-05 18:18:28.748,CHH,09B,GA12,2019-11-05 18:18:56.548,27.8,7,False
2019-11-05 18:18:29.057,KOB,05,GA40,2019-11-05 18:18:49.575,20.518,9,False
2019-11-05 18:18:29.455,HOM,17,GA16,2019-11-05 18:19:02.922,33.467,22,False
2019-11-05 18:18:29.654,HOM,12,RA45,2019-11-05 18:19:50.481,80.827,61,True
2019-11-05 18:18:30.635,TIK,7110,RA07,2019-11-05 18:18:53.161,22.526,12,False
2019-11-05 18:18:30.636,LOF,06,RA35,2019-11-05 18:18:57.145,26.509,9,False
2019-11-05 18:18:31.648,HOM,05,GA44,2019-11-05 18:18:56.348,24.7,8,False
2019-11-05 18:18:32.244,YAT,7003B,GA09,2019-11-05 18:19:41.171,68.927,10,False
2019-11-05 18:18:32.443,YAT,7006C,QA06,2019-11-05 18:19:46.350,73.907,10,False
2019-11-05 18:18:32.603,SKM,15,GA14,2019-11-05 18:18:57.145,24.542,13,False
2019-11-05 18:18:32.842,LAT,6110,RA37,2019-11-05 18:19:15.273,42.431,28,False
2019-11-05 18:18:34.834,TIK,7116,QA38,2019-11-05 18:19:00.333,25.499,9,False
2019-11-05 18:18:36.029,CHH,11,GA12,2019-11-05 18:20:03.080,87.051,73,True
2019-11-05 18:18:36.827,MOK,42,RA19,2019-11-05 18:19:02.125,25.298,9,False
2019-11-05 18:18:38.614,NTK,11,GA11,2019-11-05 18:19:48.143,69.529,57,True
2019-11-05 18:18:38.614,WTS,02,QA02,2019-11-05 18:18:59.536,20.922,8,False
2019-11-05 18:18:39.017,KOB,07,GA40,2019-11-05 18:19:08.051,29.034,11,False
2019-11-05 18:18:40.065,LOF,08,RA35,2019-11-05 18:19:53.123,73.058,10,False
2019-11-05 18:18:40.159,HOM,07,GA44,2019-11-05 18:19:05.711,25.552,4,False
2019-11-05 18:18:40.413,YMT,42,QA18,2019-11-05 18:19:01.528,21.115,8,False
2019-11-05 18:18:43.001,YAT,7003C,GA09,2019-11-05 18:19:45.155,62.154,0,False
2019-11-05 18:18:43.201,TIK,7101,GA39,2019-11-05 18:19:17.265,34.064,28,False
2019-11-05 18:18:43.400,YAT,7006B,QA06,2019-11-05 18:19:51.330,67.93,0,False
2019-11-05 18:18:43.400,TIK,7108,RA07,2019-11-05 18:18:59.137,15.737,16,False
2019-11-05 18:18:43.599,YAT,7003D,GA09,2019-11-05 18:19:48.341,64.742,50,True
2019-11-05 18:18:43.763,YAT,7006A,QA06,2019-11-05 18:19:56.310,72.547,58,True
2019-11-05 18:18:43.763,TIK,7111,RS08,2019-11-05 18:19:10.262,26.499,16,False
2019-11-05 18:18:43.998,TIK,7114,QA38,2019-11-05 18:19:15.273,31.275,16,False
2019-11-05 18:18:44.795,HOM,09,GA44,2019-11-05 18:21:01.252,136.457,7,False
2019-11-05 18:18:46.189,MOK,44,RA19,2019-11-05 18:19:10.096,23.907,4,False
2019-11-05 18:18:46.389,SKM,17,GA14,2019-11-05 18:19:05.512,19.123,9,False
2019-11-05 18:18:47.584,WTS,04,QA02,2019-11-05 18:19:07.505,19.921,7,False
2019-11-05 18:18:48.978,YMT,44,QA18,2019-11-05 18:19:12.604,23.626,13,False
2019-11-05 18:18:50.173,LOF,10,RA35,2019-11-05 18:20:01.607,71.434,60,True
2019-11-05 18:18:50.174,KOB,09,GA40,2019-11-05 18:20:09.600,79.426,63,True
2019-11-05 18:18:50.771,MOK,39,GA42,2019-11-05 18:19:17.664,26.893,7,False
2019-11-05 18:18:50.970,MOK,46,RA19,2019-11-05 18:19:24.981,34.011,13,False
2019-11-05 18:18:51.966,HOM,19,GA16,2019-11-05 18:19:24.835,32.869,21,False
2019-11-05 18:18:52.165,HOM,11,GA44,2019-11-05 18:21:10.416,138.251,119,True
2019-11-05 18:18:55.153,WTS,06,QA02,2019-11-05 18:19:20.453,25.3,7,False
2019-11-05 18:18:56.349,SKM,19,GA14,2019-11-05 18:19:12.099,15.75,6,False
2019-11-05 18:18:56.548,CHH,12,RA03,2019-11-05 18:19:19.457,22.909,9,False
2019-11-05 18:18:57.942,MOK,41,GA42,2019-11-05 18:19:37.538,39.596,6,False
2019-11-05 18:18:58.518,MOK,32B,QA20,2019-11-05 18:19:21.648,23.13,6,False
2019-11-05 18:18:58.674,KOB,12,QA36,2019-11-05 18:19:20.055,21.381,11,False
2019-11-05 18:18:59.934,TIK,7106,RA07,2019-11-05 18:19:18.262,18.328,11,False
2019-11-05 18:19:00.532,TIK,7113,RS08,2019-11-05 18:19:23.242,22.71,11,False
2019-11-05 18:19:00.731,TIK,7112C,QA38,2019-11-05 18:21:35.317,154.586,0,False
2019-11-05 18:19:01.292,LAT,6108,RA37,2019-11-05 18:19:29.219,27.927,9,False
2019-11-05 18:19:01.698,TIK,7112B,QA38,2019-11-05 18:21:37.310,155.612,9,False
2019-11-05 18:19:02.458,HOM,02,QA18,2019-11-05 18:19:35.594,33.136,20,False
2019-11-05 18:19:02.625,SKM,21,GA14,2019-11-05 18:19:19.042,16.417,6,False
2019-11-05 18:19:02.724,WTS,08,QA02,2019-11-05 18:20:22.553,79.829,11,False
2019-11-05 18:19:03.061,KWT,6009,GA10,2019-11-05 18:19:27.027,23.966,9,False
2019-11-05 18:19:04.118,MOK,43,GA42,2019-11-05 18:20:42.128,98.01,8,False
2019-11-05 18:19:04.600,YMT,32,RA19,2019-11-05 18:19:36.969,32.369,11,False
2019-11-05 18:19:05.313,MOK,34A,QA20,2019-11-05 18:19:27.011,21.698,7,False
2019-11-05 18:19:05.910,CHH,14,RA03,2019-11-05 18:19:25.632,19.722,6,False
2019-11-05 18:19:09.496,KOT,01,GA14,2019-11-05 18:19:30.015,20.519,6,False
2019-11-05 18:19:09.895,KOB,14,QA36,2019-11-05 18:19:28.023,18.128,8,False
2019-11-05 18:19:10.891,LAT,6106,RA37,2019-11-05 18:20:25.196,74.305,8,False
2019-11-05 18:19:11.289,TIK,7112A,QA38,2019-11-05 18:21:45.284,153.995,143,True
2019-11-05 18:19:11.887,TIK,7104,RA07,2019-11-05 18:19:29.219,17.332,9,False
2019-11-05 18:19:11.887,TIK,7103,GA39,2019-11-05 18:19:29.219,17.332,8,False
2019-11-05 18:19:12.098,TIK,7115,RS08,2019-11-05 18:19:29.219,17.121,6,False
2019-11-05 18:19:12.605,MOK,45,GA42,2019-11-05 18:21:03.045,110.44,88,False
2019-11-05 18:19:12.883,CHH,16,RA03,2019-11-05 18:19:29.616,16.733,3,False
2019-11-05 18:19:13.045,KWT,6011,GA10,2019-11-05 18:19:31.608,18.563,5,False
2019-11-05 18:19:13.173,HOM,21,GA16,2019-11-05 18:19:53.322,40.149,23,False
2019-11-05 18:19:13.174,MOK,34B,QA20,2019-11-05 18:19:32.599,19.425,7,False
2019-11-05 18:19:14.098,WTS,10,QA02,2019-11-05 18:20:31.133,77.035,65,True
2019-11-05 18:19:15.672,KOT,03,GA14,2019-11-05 18:19:48.532,32.86,8,False
2019-11-05 18:19:16.269,YMT,34,RA19,2019-11-05 18:19:38.979,22.71,4,False
2019-11-05 18:19:16.868,CHH,18,RA03,2019-11-05 18:19:33.202,16.334,4,False
2019-11-05 18:19:18.062,KWT,6013,GA10,2019-11-05 18:19:41.170,23.108,8,False
2019-11-05 18:19:18.261,KOB,16,QA36,2019-11-05 18:19:36.968,18.707,10,False
2019-11-05 18:19:18.859,YMT,37,GA43,2019-11-05 18:19:38.979,20.12,6,False
2019-11-05 18:19:19.042,TIK,7149,RS08,2019-11-05 18:19:33.203,14.161,0,False
2019-11-05 18:19:19.257,LAT,6104,RA37,2019-11-05 18:20:31.134,71.877,57,True
2019-11-05 18:19:19.258,TIK,7120,RS08,2019-11-05 18:19:40.928,21.67,0,False
2019-11-05 18:19:19.855,TIK,7122,RS08,2019-11-05 18:20:21.188,61.333,51,False
2019-11-05 18:19:20.054,TIK,7105,GA39,2019-11-05 18:19:37.186,17.132,13,False
2019-11-05 18:19:20.453,MOK,36,QA20,2019-11-05 18:19:53.123,32.67,12,False
2019-11-05 18:19:20.597,NTK,08,RA04,2019-11-05 18:19:46.151,25.554,14,False
2019-11-05 18:19:20.851,YMT,36,RA19,2019-11-05 18:19:47.147,26.296,7,False
2019-11-05 18:19:21.050,CHH,20,RA03,2019-11-05 18:19:37.967,16.917,5,False
2019-11-05 18:19:21.250,TIK,7102,RA07,2019-11-05 18:19:41.171,19.921,13,False
2019-11-05 18:19:23.042,HOM,04,QA18,2019-11-05 18:19:50.481,27.439,14,False
2019-11-05 18:19:24.239,WTS,07,GA13,2019-11-05 18:19:48.144,23.905,15,False
2019-11-05 18:19:24.592,KOT,05,GA14,2019-11-05 18:20:13.033,48.441,14,False
2019-11-05 18:19:25.034,SKM,14,RA46,2019-11-05 18:19:43.162,18.128,6,False
2019-11-05 18:19:25.408,YMT,39,GA43,2019-11-05 18:19:46.549,21.141,6,False
2019-11-05 18:19:26.429,DIH,02,RA03,2019-11-05 18:19:45.554,19.125,8,False
2019-11-05 18:19:26.828,KWT,6015,GA10,2019-11-05 18:19:51.330,24.502,10,False
2019-11-05 18:19:28.024,YMT,38,RA19,2019-11-05 18:19:54.518,26.494,5,False
2019-11-05 18:19:28.421,CHH,02,QA36,2019-11-05 18:19:48.532,20.111,11,False
2019-11-05 18:19:29.417,KWT,6006,QA05,2019-11-05 18:19:51.728,22.311,7,False
2019-11-05 18:19:30.994,HOM,14,RA45,2019-11-05 18:19:57.107,26.113,9,False
2019-11-05 18:19:31.808,SKM,16,RA46,2019-11-05 18:19:47.546,15.738,4,False
2019-11-05 18:19:32.207,YMT,41,GA43,2019-11-05 18:19:56.509,24.302,10,False
2019-11-05 18:19:32.805,MOK,38,QA20,2019-11-05 18:20:54.479,81.674,11,False
2019-11-05 18:19:33.596,YMT,40,RA19,2019-11-05 18:20:52.488,78.892,62,True
2019-11-05 18:19:33.596,TIK,7107,GA39,2019-11-05 18:19:46.350,12.754,0,False
2019-11-05 18:19:34.540,TIK,7109A,GA39,2019-11-05 18:20:44.320,69.78,2,False
2019-11-05 18:19:34.596,YAT,7005,GA09,2019-11-05 18:19:53.322,18.726,7,False
2019-11-05 18:19:34.939,YAT,7012,RA07,2019-11-05 18:20:01.290,26.351,20,False
2019-11-05 18:19:34.995,DIH,04,RA03,2019-11-05 18:19:52.525,17.53,5,False
2019-11-05 18:19:35.393,NTK,10,RA04,2019-11-05 18:19:54.518,19.125,9,False
2019-11-05 18:19:36.190,YMT,31,GA16,2019-11-05 18:20:10.454,34.264,15,False
2019-11-05 18:19:36.378,KOT,11,GA41,2019-11-05 18:19:59.499,23.121,13,False
2019-11-05 18:19:36.389,NTK,13,GA11,2019-11-05 18:19:57.071,20.682,9,False
2019-11-05 18:19:36.788,SKM,18,RA46,2019-11-05 18:19:57.071,20.283,8,False
2019-11-05 18:19:36.788,KWT,6004,QA05,2019-11-05 18:19:55.713,18.925,5,False
2019-11-05 18:19:37.537,TIK,7109B,GA39,2019-11-05 18:20:50.296,72.759,4,False
2019-11-05 18:19:37.585,LAT,6101,GA10,2019-11-05 18:19:54.318,16.733,4,False
2019-11-05 18:19:37.983,HOM,06,QA18,2019-11-05 18:20:12.247,34.264,19,False
2019-11-05 18:19:39.179,KOT,07,GA14,2019-11-05 18:20:26.988,47.809,28,False
2019-11-05 18:19:39.577,WTS,09,GA13,2019-11-05 18:19:56.509,16.932,8,False
2019-11-05 18:19:40.157,HOM,22,RA45,2019-11-05 18:20:05.482,25.325,4,False
2019-11-05 18:19:40.158,CHH,04,QA36,2019-11-05 18:20:01.038,20.88,10,False
2019-11-05 18:19:40.928,DIH,06,RA03,2019-11-05 18:20:11.613,30.685,10,False
2019-11-05 18:19:41.768,YAT,7004,QA06,2019-11-05 18:20:00.294,18.526,7,False
2019-11-05 18:19:41.926,TIK,7109C,GA39,2019-11-05 18:20:57.268,75.342,63,True
2019-11-05 18:19:41.926,YAT,7007,GA09,2019-11-05 18:20:17.227,35.301,30,False
2019-11-05 18:19:42.366,MOK,31,GA43,2019-11-05 18:20:08.064,25.698,9,False
2019-11-05 18:19:42.566,LAT,6103,GA10,2019-11-05 18:20:11.251,28.685,13,False
2019-11-05 18:19:42.764,KWT,6002,QA05,2019-11-05 18:20:05.998,23.234,11,False
2019-11-05 18:19:43.960,MOK,40,QA20,2019-11-05 18:21:02.049,78.089,61,True
2019-11-05 18:19:44.756,NTK,12,RA04,2019-11-05 18:19:57.486,12.73,3,False
2019-11-05 18:19:44.955,HOM,05,RA45,2019-11-05 18:20:14.634,29.679,3,False
2019-11-05 18:19:45.156,SKM,20,RA46,2019-11-05 18:20:10.056,24.9,10,False
2019-11-05 18:19:46.151,NTK,15,GA11,2019-11-05 18:20:05.997,19.846,9,False
2019-11-05 18:19:47.943,WTS,11,GA13,2019-11-05 18:20:04.449,16.506,7,False
2019-11-05 18:19:48.541,NTK,14,RA04,2019-11-05 18:20:03.081,14.54,4,False
2019-11-05 18:19:48.936,HOM,03,RA45,2019-11-05 18:23:26.281,217.345,,False
2019-11-05 18:19:49.139,CHH,13A,GA12,2019-11-05 18:20:13.032,23.893,11,False
2019-11-05 18:19:49.736,YAT,7002,QA06,2019-11-05 18:20:07.268,17.532,10,False
2019-11-05 18:19:50.334,KOT,13,GA41,2019-11-05 18:20:07.481,17.147,8,False
2019-11-05 18:19:50.639,LOF,12,RA35,2019-11-05 18:20:11.613,20.974,11,False
2019-11-05 18:19:51.110,CHH,06,QA36,2019-11-05 18:20:11.030,19.92,6,False
2019-11-05 18:19:51.481,DIH,08,RA03,2019-11-05 18:21:48.067,116.586,11,False
2019-11-05 18:19:51.728,YMT,33,GA16,2019-11-05 18:20:21.519,29.791,8,False
2019-11-05 18:19:51.928,MOK,33,GA43,2019-11-05 18:20:58.595,66.667,10,False
2019-11-05 18:19:53.505,KOB,02,RA04,2019-11-05 18:20:11.613,18.108,8,False
2019-11-05 18:19:54.096,KOB,11,GA40,2019-11-05 18:20:19.618,25.522,14,False
2019-11-05 18:19:54.318,NTK,02,QA05,2019-11-05 18:20:12.032,17.714,8,False
2019-11-05 18:19:55.256,DIH,01,GA13,2019-11-05 18:20:17.028,21.772,6,False
2019-11-05 18:19:55.680,YAT,7010,RA07,2019-11-05 18:20:19.220,23.54,15,False
2019-11-05 18:19:55.912,LAT,6105,GA10,2019-11-05 18:21:22.767,86.855,84,True
2019-11-05 18:19:55.913,KWT,6001,GA11,2019-11-05 18:20:16.829,20.916,6,False
2019-11-05 18:19:56.045,SKM,22A,RA46,2019-11-05 18:20:15.634,19.589,2,False
2019-11-05 18:19:57.071,HOM,08,QA18,2019-11-05 18:20:46.113,49.042,26,False
2019-11-05 18:19:58.103,CHH,08,QA36,2019-11-05 18:20:21.519,23.416,5,False
2019-11-05 18:19:58.612,SKM,22B,RA46,2019-11-05 18:21:18.584,79.972,4,False
2019-11-05 18:19:58.900,KOT,15,GA41,2019-11-05 18:20:14.032,15.132,5,False
2019-11-05 18:19:59.896,YMT,35,GA16,2019-11-05 18:21:17.588,77.692,60,True
2019-11-05 18:20:00.295,LAT,6112,QA06,2019-11-05 18:20:44.320,44.025,25,False
2019-11-05 18:20:01.038,CHH,15,GA12,2019-11-05 18:20:21.013,19.975,8,False
2019-11-05 18:20:01.291,DIH,03,GA13,2019-11-05 18:21:26.154,84.863,11,False
2019-11-05 18:20:01.998,LOF,14,RA35,2019-11-05 18:20:22.553,20.555,8,False
2019-11-05 18:20:02.287,KOB,04,RA04,2019-11-05 18:20:20.016,17.729,8,False
2019-11-05 18:20:02.451,MOK,35,GA43,2019-11-05 18:22:21.136,138.685,23,False
2019-11-05 18:20:02.628,SKM,22C,RA46,2019-11-05 18:21:24.082,81.454,5,False
2019-11-05 18:20:02.685,DIH,10,RA03,2019-11-05 18:21:57.031,114.346,102,True
2019-11-05 18:20:02.884,NTK,04,QA05,2019-11-05 18:20:26.989,24.105,7,False
2019-11-05 18:20:02.884,KWT,6003,GA11,2019-11-05 18:20:22.207,19.323,4,False
2019-11-05 18:20:03.283,CHH,10,QA36,2019-11-05 18:21:28.545,85.262,67,True
2019-11-05 18:20:04.279,LOF,01,GA41,2019-11-05 18:20:20.614,16.335,8,False
2019-11-05 18:20:07.645,KWT,6005,GA11,2019-11-05 18:20:32.367,24.722,5,False
2019-11-05 18:20:07.864,MOK,32A,RA46,2019-11-05 18:21:30.735,82.871,63,True
2019-11-05 18:20:08.065,KOT,09,GA14,2019-11-05 18:21:38.505,90.44,75,True
2019-11-05 18:20:08.619,SKM,01,GA15,2019-11-05 18:20:34.158,25.539,12,False
2019-11-05 18:20:08.803,KOB,13,GA40,2019-11-05 18:20:28.582,19.779,9,False
2019-11-05 18:20:09.601,CHH,17,GA12,2019-11-05 18:20:29.180,19.579,7,False
2019-11-05 18:20:10.256,KOT,02,RA35,2019-11-05 18:20:34.957,24.701,9,False
2019-11-05 18:20:10.653,KOB,06,RA04,2019-11-05 18:20:34.957,24.304,7,False
2019-11-05 18:20:10.654,NTK,06,QA05,2019-11-05 18:21:39.102,88.448,72,True
2019-11-05 18:20:11.030,TIK,7120,RS08,2019-11-05 18:20:31.134,20.104,1,False
2019-11-05 18:20:11.649,YAT,7008,RA07,2019-11-05 18:20:34.159,22.51,5,False
2019-11-05 18:20:12.032,YAT,7009,GA09,2019-11-05 18:20:34.159,22.127,14,False
2019-11-05 18:20:12.247,TIK,7118,RS08,2019-11-05 18:20:41.132,28.885,4,False
2019-11-05 18:20:12.602,LOF,03,GA41,2019-11-05 18:20:26.989,14.387,4,False
2019-11-05 18:20:12.642,DIH,05,GA13,2019-11-05 18:21:35.118,82.476,70,True
2019-11-05 18:20:13.033,KWT,6007,GA11,2019-11-05 18:22:10.379,117.346,98,True
2019-11-05 18:20:16.430,KOT,12,QA01,2019-11-05 18:20:36.950,20.52,12,False
2019-11-05 18:20:16.603,LOF,05,GA41,2019-11-05 18:20:40.535,23.932,7,False
2019-11-05 18:20:16.630,LAT,6102,RA37,2019-11-05 18:20:35.355,18.725,7,False
2019-11-05 18:20:16.943,TIK,7116,RS08,2019-11-05 18:21:57.226,100.283,10,False
2019-11-05 18:20:17.028,YAT,7006C,RA07,2019-11-05 18:21:36.313,79.285,9,False
2019-11-05 18:20:17.227,CHH,19,GA12,2019-11-05 18:20:36.481,19.254,7,False
2019-11-05 18:20:18.422,KOB,15,GA40,2019-11-05 18:20:35.953,17.531,8,False
2019-11-05 18:20:18.422,KOB,08,RA04,2019-11-05 18:21:46.992,88.57,12,False
2019-11-05 18:20:19.418,WTS,12,QA02,2019-11-05 18:20:40.136,20.718,9,False
2019-11-05 18:20:20.215,KOT,04,RA35,2019-11-05 18:20:45.515,25.3,10,False
2019-11-05 18:20:21.610,SKM,03,GA15,2019-11-05 18:20:42.527,20.917,7,False
2019-11-05 18:20:23.801,KWT,6016,RA37,2019-11-05 18:20:48.702,24.901,10,False
2019-11-05 18:20:23.801,LOF,07,GA41,2019-11-05 18:21:41.493,77.692,10,False
2019-11-05 18:20:24.000,HOM,10,QA18,2019-11-05 18:22:40.062,136.062,8,False
2019-11-05 18:20:24.399,CHH,21,GA12,2019-11-05 18:20:45.116,20.717,8,False
2019-11-05 18:20:25.594,LAT,6110,QA06,2019-11-05 18:21:03.245,37.651,21,False
2019-11-05 18:20:26.192,YAT,7006B,RA07,2019-11-05 18:21:38.306,72.114,6,False
2019-11-05 18:20:26.388,TIK,7101,GA09,2019-11-05 18:21:06.433,40.045,27,False
2019-11-05 18:20:26.388,MOK,37,GA43,2019-11-05 18:22:27.113,120.725,104,True
2019-11-05 18:20:26.590,NTK,01,GA40,2019-11-05 18:20:41.531,14.941,5,False
2019-11-05 18:20:27.785,TIK,7114,RS08,2019-11-05 18:22:13.167,105.382,82,False
2019-11-05 18:20:28.782,KOT,14,QA01,2019-11-05 18:20:44.120,15.338,7,False
2019-11-05 18:20:29.379,WTS,14,QA02,2019-11-05 18:20:47.109,17.73,7,False
2019-11-05 18:20:29.379,SKM,05,GA15,2019-11-05 18:20:51.093,21.714,8,False
2019-11-05 18:20:30.575,KOB,10,RA04,2019-11-05 18:21:57.031,86.456,74,True
2019-11-05 18:20:31.172,KOT,06,RA35,2019-11-05 18:21:00.058,28.886,9,False
2019-11-05 18:20:31.769,NTK,03,GA40,2019-11-05 18:20:44.120,12.351,2,False
2019-11-05 18:20:32.766,YAT,7006A,RA07,2019-11-05 18:21:44.285,71.519,61,True
2019-11-05 18:20:32.965,HOM,12,QA18,2019-11-05 18:22:47.434,134.469,117,True
2019-11-05 18:20:33.165,KOB,01,GA12,2019-11-05 18:20:52.488,19.323,6,False
2019-11-05 18:20:34.159,NTK,05,GA40,2019-11-05 18:20:51.492,17.333,7,False
2019-11-05 18:20:34.159,LOF,09,GA41,2019-11-05 18:21:50.458,76.299,65,True
2019-11-05 18:20:34.759,KWT,6014,RA37,2019-11-05 18:20:59.061,24.302,10,False
2019-11-05 18:20:35.953,KOT,16,QA01,2019-11-05 18:20:50.496,14.543,6,False
2019-11-05 18:20:36.480,YMT,42,RA19,2019-11-05 18:20:57.016,20.536,8,False
2019-11-05 18:20:36.949,LOF,02,QA02,2019-11-05 18:20:55.077,18.128,6,False
2019-11-05 18:20:37.888,SKM,07,GA15,2019-11-05 18:20:59.634,21.746,8,False
2019-11-05 18:20:40.136,KOB,03,GA12,2019-11-05 18:21:00.057,19.921,8,False
2019-11-05 18:20:40.335,KOT,08,RA35,2019-11-05 18:22:13.167,92.832,12,False
2019-11-05 18:20:40.627,MOK,47,GA42,2019-11-05 18:22:22.468,101.841,84,True
2019-11-05 18:20:41.929,NTK,07,GA40,2019-11-05 18:21:03.959,22.03,7,False
2019-11-05 18:20:42.527,SKM,02,QA01,2019-11-05 18:20:57.016,14.489,5,False
2019-11-05 18:20:43.523,LOF,04,QA02,2019-11-05 18:21:02.049,18.526,6,False
2019-11-05 18:20:44.719,YMT,44,RA19,2019-11-05 18:21:08.025,23.306,12,False
2019-11-05 18:20:45.117,MOK,42,QA20,2019-11-05 18:21:08.607,23.49,9,False
2019-11-05 18:20:45.714,TIK,7111,GA39,2019-11-05 18:21:03.244,17.53,3,False
2019-11-05 18:20:45.714,KWT,6012,RA37,2019-11-05 18:21:09.221,23.507,10,False
2019-11-05 18:20:46.312,SKM,09,GA15,2019-11-05 18:21:03.959,17.647,4,False
2019-11-05 18:20:47.308,LAT,6108,QA06,2019-11-05 18:21:17.189,29.881,6,False
2019-11-05 18:20:47.905,SKM,04,QA01,2019-11-05 18:21:03.444,15.539,6,False
2019-11-05 18:20:49.101,KOB,05,GA12,2019-11-05 18:21:09.619,20.518,10,False
2019-11-05 18:20:49.300,TIK,7113,GA39,2019-11-05 18:21:17.189,27.889,13,False
2019-11-05 18:20:49.698,NTK,09,GA40,2019-11-05 18:22:03.007,73.309,10,False
2019-11-05 18:20:50.495,SKM,11,GA15,2019-11-05 18:21:12.597,22.102,4,False
2019-11-05 18:20:50.496,LOF,06,QA02,2019-11-05 18:21:16.591,26.095,9,False
2019-11-05 18:20:51.491,HOM,13,GA44,2019-11-05 18:21:14.799,23.308,6,False
2019-11-05 18:20:52.487,KOT,10,RA35,2019-11-05 18:22:21.535,89.048,78,True
2019-11-05 18:20:53.682,TIK,7103,GA09,2019-11-05 18:21:18.185,24.503,27,False
2019-11-05 18:20:53.882,LAT,6106,QA06,2019-11-05 18:22:09.183,75.301,9,False
2019-11-05 18:20:54.479,MOK,44,QA20,2019-11-05 18:21:14.002,19.523,4,False
2019-11-05 18:20:54.615,SKM,06,QA01,2019-11-05 18:21:10.606,15.991,6,False
2019-11-05 18:20:55.078,SKM,13,GA15,2019-11-05 18:22:07.589,72.511,55,True
2019-11-05 18:20:56.073,KWT,6010,RA37,2019-11-05 18:21:25.357,29.284,8,False
2019-11-05 18:20:57.069,WHA,04,GA17,2019-11-05 18:21:23.365,26.296,11,False
2019-11-05 18:20:57.467,HOM,02,RA19,2019-11-05 18:21:31.129,33.662,22,False
2019-11-05 18:20:58.066,HOM,15,GA44,2019-11-05 18:21:27.126,29.06,14,False
2019-11-05 18:20:58.879,MOK,46,QA20,2019-11-05 18:21:24.082,25.203,10,False
2019-11-05 18:20:59.634,LOF,08,QA02,2019-11-05 18:22:21.535,81.901,10,False
2019-11-05 18:20:59.635,KOB,07,GA12,2019-11-05 18:21:28.545,28.91,10,False
2019-11-05 18:20:59.878,NTK,11,GA40,2019-11-05 18:22:13.567,73.689,60,True
2019-11-05 18:21:00.626,SKM,08,QA01,2019-11-05 18:21:24.082,23.456,6,False
2019-11-05 18:21:00.626,YMT,37,GA16,2019-11-05 18:21:20.974,20.348,6,False
2019-11-05 18:21:03.046,TIK,7115,GA39,2019-11-05 18:21:21.164,18.118,1,False
2019-11-05 18:21:03.842,LAT,6104,QA06,2019-11-05 18:22:16.156,72.314,57,True
2019-11-05 18:21:04.838,KWT,6008,RA37,2019-11-05 18:22:33.036,88.198,70,True
2019-11-05 18:21:05.037,TIK,7149,GA39,2019-11-05 18:21:27.349,22.312,,False
2019-11-05 18:21:05.237,TIK,7149,QA39,2019-11-05 18:21:27.349,22.112,15,False
2019-11-05 18:21:06.830,YMT,39,GA16,2019-11-05 18:21:28.545,21.715,7,False
2019-11-05 18:21:07.029,SKM,10,QA01,2019-11-05 18:22:26.117,79.088,10,False
2019-11-05 18:21:08.822,WHA,02,GA17,2019-11-05 18:21:33.325,24.503,7,False
2019-11-05 18:21:09.818,YMT,32,QA20,2019-11-05 18:21:32.528,22.71,8,False
2019-11-05 18:21:09.819,LOF,10,QA02,2019-11-05 18:22:30.101,80.282,68,True
2019-11-05 18:21:10.416,KOB,09,GA12,2019-11-05 18:22:31.097,80.681,65,True
2019-11-05 18:21:10.987,CHH,12,QA36,2019-11-05 18:21:35.118,24.131,11,False
2019-11-05 18:21:11.611,MOK,32B,RA46,2019-11-05 18:21:35.118,23.507,7,False
2019-11-05 18:21:12.409,HOM,17,GA44,2019-11-05 18:21:48.067,35.658,23,False
2019-11-05 18:21:14.201,YMT,41,GA16,2019-11-05 18:22:39.679,85.478,10,False
2019-11-05 18:21:16.792,HOM,20,GA17,2019-11-05 18:21:50.401,33.609,17,False
2019-11-05 18:21:17.388,SKM,12,QA01,2019-11-05 18:22:34.484,77.096,65,True
2019-11-05 18:21:18.186,YMT,34,QA20,2019-11-05 18:21:34.520,16.334,3,False
2019-11-05 18:21:19.574,MOK,34A,RA46,2019-11-05 18:21:40.497,20.923,7,False
2019-11-05 18:21:20.376,HOM,04,RA19,2019-11-05 18:21:47.669,27.293,14,False
2019-11-05 18:21:20.577,LAT,6107,GA10,2019-11-05 18:21:29.142,8.565,1,False
2019-11-05 18:21:20.948,TIK,7105,GA09,2019-11-05 18:21:27.349,6.401,0,False
2019-11-05 18:21:21.165,TIK,7120,QA39,2019-11-05 18:21:35.317,14.152,0,False
2019-11-05 18:21:21.373,TIK,7122,QA39,2019-11-05 18:22:21.335,59.962,39,False
2019-11-05 18:21:21.572,TIK,7107,GA09,2019-11-05 18:21:36.313,14.741,0,False
2019-11-05 18:21:21.771,LAT,6109,GA10,2019-11-05 18:21:50.259,28.488,20,False
2019-11-05 18:21:21.970,TIK,7109A,GA09,2019-11-05 18:22:38.264,76.294,5,False
2019-11-05 18:21:22.169,YMT,36,QA20,2019-11-05 18:21:42.490,20.321,3,False
2019-11-05 18:21:22.559,CHH,14,QA36,2019-11-05 18:21:40.497,17.938,5,False
2019-11-05 18:21:22.767,DIH,07,GA13,2019-11-05 18:21:43.035,20.268,7,False
2019-11-05 18:21:23.165,KOT,11,GA14,2019-11-05 18:21:48.067,24.902,14,False
2019-11-05 18:21:23.334,NTK,08,QA05,2019-11-05 18:21:48.466,25.132,13,False
2019-11-05 18:21:24.759,MOK,31,GA16,2019-11-05 18:22:51.617,86.858,66,False
2019-11-05 18:21:25.755,YMT,38,QA20,2019-11-05 18:21:50.605,24.85,3,False
2019-11-05 18:21:26.950,MOK,34B,RA46,2019-11-05 18:21:46.074,19.124,6,False
2019-11-05 18:21:27.946,TIK,7109B,GA09,2019-11-05 18:22:43.249,75.303,6,False
2019-11-05 18:21:28.146,CHH,16,QA36,2019-11-05 18:21:45.078,16.932,3,False
2019-11-05 18:21:29.482,YMT,40,QA20,2019-11-05 18:22:55.003,85.521,69,True
2019-11-05 18:21:30.536,DIH,09,GA13,2019-11-05 18:21:51.972,21.436,10,False
2019-11-05 18:21:31.732,CHH,18,QA36,2019-11-05 18:21:49.063,17.331,4,False
2019-11-05 18:21:33.724,MOK,36,RA46,2019-11-05 18:22:03.605,29.881,12,False
2019-11-05 18:21:34.122,HOM,18,GA17,2019-11-05 18:21:54.441,20.319,4,False
2019-11-05 18:21:34.123,YAT,7004,RA07,2019-11-05 18:21:48.286,14.163,1,False
2019-11-05 18:21:34.413,TIK,7110,QA38,2019-11-05 18:21:51.254,16.841,5,False
2019-11-05 18:21:34.520,TIK,7109C,GA09,2019-11-05 18:22:53.097,78.577,75,True
2019-11-05 18:21:34.521,HOM,06,RA19,2019-11-05 18:22:11.374,36.853,21,False
2019-11-05 18:21:35.516,YAT,7002,RA07,2019-11-05 18:21:55.239,19.723,8,False
2019-11-05 18:21:35.685,HOM,19,GA44,2019-11-05 18:22:11.374,35.689,21,False
2019-11-05 18:21:36.261,CHH,20,QA36,2019-11-05 18:21:54.595,18.334,5,False
2019-11-05 18:21:37.309,NTK,10,QA05,2019-11-05 18:21:57.629,20.32,10,False
2019-11-05 18:21:37.708,KOT,13,GA14,2019-11-05 18:21:55.637,17.929,9,False
2019-11-05 18:21:38.903,HOM,22,GA17,2019-11-05 18:21:59.622,20.719,4,False
2019-11-05 18:21:39.301,LOF,11,GA41,2019-11-05 18:21:59.622,20.321,11,False
2019-11-05 18:21:39.701,TIK,7108,QA38,2019-11-05 18:21:59.222,19.521,10,False
2019-11-05 18:21:40.696,CHH,01,GA13,2019-11-05 18:21:59.023,18.327,6,False
2019-11-05 18:21:41.891,YAT,7001,GA10,2019-11-05 18:22:13.167,31.276,19,False
2019-11-05 18:21:42.090,DIH,02,QA36,2019-11-05 18:22:04.003,21.913,8,False
2019-11-05 18:21:43.036,HOM,07,GA17,2019-11-05 18:22:08.585,25.549,4,False
2019-11-05 18:21:43.685,LAT,6112,RA07,2019-11-05 18:22:30.442,46.757,23,False
2019-11-05 18:21:44.879,DIH,12,RA03,2019-11-05 18:22:07.589,22.71,11,False
2019-11-05 18:21:45.284,KOB,12,RA04,2019-11-05 18:22:05.996,20.712,10,False
2019-11-05 18:21:46.672,MOK,38,RA46,2019-11-05 18:23:02.565,75.893,9,False
2019-11-05 18:21:46.871,KOT,15,GA14,2019-11-05 18:22:02.591,15.72,5,False
2019-11-05 18:21:47.071,CHH,03,GA13,2019-11-05 18:22:04.587,17.516,5,False
2019-11-05 18:21:47.469,NTK,12,QA05,2019-11-05 18:22:00.020,12.551,3,False
2019-11-05 18:21:47.867,HOM,09,GA17,2019-11-05 18:22:55.203,67.336,7,False
2019-11-05 18:21:50.258,TIK,7106,QA38,2019-11-05 18:22:19.144,28.886,17,False
2019-11-05 18:21:50.259,TIK,7112C,RS08,2019-11-05 18:23:07.156,76.897,10,False
2019-11-05 18:21:50.401,LOF,13,GA41,2019-11-05 18:22:07.988,17.587,8,False
2019-11-05 18:21:50.457,DIH,04,QA36,2019-11-05 18:22:12.571,22.114,8,False
2019-11-05 18:21:50.605,NTK,14,QA05,2019-11-05 18:22:05.561,14.956,5,False
2019-11-05 18:21:51.055,SKM,15,GA15,2019-11-05 18:22:15.558,24.503,13,False
2019-11-05 18:21:51.972,KWT,6009,GA11,2019-11-05 18:22:16.156,24.184,9,False
2019-11-05 18:21:52.848,LOF,01,GA14,2019-11-05 18:22:10.179,17.331,6,False
2019-11-05 18:21:52.849,CHH,05,GA13,2019-11-05 18:22:10.575,17.726,5,False
2019-11-05 18:21:55.401,HOM,11,GA17,2019-11-05 18:23:05.363,69.962,50,True
2019-11-05 18:21:55.637,HOM,08,RA19,2019-11-05 18:23:28.472,92.835,57,False
2019-11-05 18:21:55.836,MOK,40,RA46,2019-11-05 18:23:10.144,74.308,57,True
2019-11-05 18:21:55.976,WTS,02,RA03,2019-11-05 18:22:16.505,20.529,8,False
2019-11-05 18:21:55.976,KOB,14,RA04,2019-11-05 18:22:14.164,18.188,8,False
2019-11-05 18:21:56.433,KOB,02,QA05,2019-11-05 18:22:14.562,18.129,8,False
2019-11-05 18:21:57.629,HOM,21,GA44,2019-11-05 18:22:34.308,36.679,22,False
2019-11-05 18:21:58.595,CHH,07,GA13,2019-11-05 18:22:13.566,14.971,3,False
2019-11-05 18:21:58.825,WTS,01,GA41,2019-11-05 18:22:16.954,18.129,9,False
2019-11-05 18:21:59.023,DIH,06,QA36,2019-11-05 18:22:32.043,33.02,12,False
2019-11-05 18:21:59.223,LOF,03,GA14,2019-11-05 18:22:18.148,18.925,6,False
2019-11-05 18:22:00.597,NTK,13,GA40,2019-11-05 18:22:22.071,21.474,11,False
2019-11-05 18:22:01.136,TIK,7112B,RS08,2019-11-05 18:23:11.140,70.004,2,False
2019-11-05 18:22:01.214,TIK,7120,QA39,2019-11-05 18:22:30.306,29.092,4,False
2019-11-05 18:22:01.377,YAT,7003A,GA10,2019-11-05 18:23:16.320,74.943,2,False
2019-11-05 18:22:01.522,LAT,6102,QA06,2019-11-05 18:22:21.137,19.615,6,False
2019-11-05 18:22:01.613,KWT,6011,GA11,2019-11-05 18:22:20.504,18.891,5,False
2019-11-05 18:22:01.812,CHH,09B,GA13,2019-11-05 18:22:30.443,28.631,9,False
2019-11-05 18:22:04.003,TIK,7112A,RS08,2019-11-05 18:23:20.306,76.303,62,True
2019-11-05 18:22:04.203,YAT,7003B,GA10,2019-11-05 18:23:22.262,78.059,1,False
2019-11-05 18:22:04.204,KOB,16,RA04,2019-11-05 18:22:22.468,18.264,10,False
2019-11-05 18:22:04.587,WTS,04,RA03,2019-11-05 18:22:24.524,19.937,7,False
2019-11-05 18:22:04.588,KOB,04,QA05,2019-11-05 18:22:23.128,18.54,8,False
2019-11-05 18:22:04.999,SKM,01,GA42,2019-11-05 18:22:30.102,25.103,12,False
2019-11-05 18:22:05.000,SKM,17,GA15,2019-11-05 18:22:24.124,19.124,10,False
2019-11-05 18:22:05.562,LOF,05,GA14,2019-11-05 18:22:32.043,26.481,8,False
2019-11-05 18:22:05.597,YAT,7003C,GA10,2019-11-05 18:23:24.286,78.689,4,False
2019-11-05 18:22:05.796,TIK,7118,QA39,2019-11-05 18:22:38.264,32.468,6,False
2019-11-05 18:22:06.792,LAT,6110,RA07,2019-11-05 18:22:53.210,46.418,42,False
2019-11-05 18:22:06.992,KWT,6013,GA11,2019-11-05 18:22:29.902,22.91,9,False
2019-11-05 18:22:07.390,TIK,7104,QA38,2019-11-05 18:22:30.306,22.916,21,False
2019-11-05 18:22:08.188,WTS,03,GA41,2019-11-05 18:22:32.492,24.304,5,False
2019-11-05 18:22:08.386,KWT,6016,QA06,2019-11-05 18:22:36.277,27.891,12,False
2019-11-05 18:22:10.378,YAT,7003D,GA10,2019-11-05 18:23:30.265,79.887,65,True
2019-11-05 18:22:10.575,KOT,12,RA35,2019-11-05 18:22:30.499,19.924,11,False
2019-11-05 18:22:11.138,MOK,39,GA43,2019-11-05 18:22:33.488,22.35,6,False
2019-11-05 18:22:11.374,CHH,11,GA13,2019-11-05 18:23:30.464,79.09,63,True
2019-11-05 18:22:11.774,DIH,08,QA36,2019-11-05 18:23:28.074,76.3,11,False
2019-11-05 18:22:11.972,NTK,15,GA40,2019-11-05 18:22:32.043,20.071,10,False
2019-11-05 18:22:12.171,TIK,7116,QA39,2019-11-05 18:23:30.205,78.034,17,False
2019-11-05 18:22:12.570,WTS,06,RA03,2019-11-05 18:22:38.070,25.5,7,False
2019-11-05 18:22:12.968,KOB,06,QA05,2019-11-05 18:22:37.680,24.712,8,False
2019-11-05 18:22:14.164,LOF,07,GA14,2019-11-05 18:23:44.573,90.409,11,False
2019-11-05 18:22:14.165,WTS,05,GA41,2019-11-05 18:23:33.054,78.889,63,True
2019-11-05 18:22:14.562,CHH,02,RA04,2019-11-05 18:22:34.064,19.502,10,False
2019-11-05 18:22:15.359,KWT,6006,RA37,2019-11-05 18:22:37.472,22.113,7,False
2019-11-05 18:22:15.758,SKM,19,GA15,2019-11-05 18:22:30.499,14.741,5,False
2019-11-05 18:22:15.957,KOB,11,GA12,2019-11-05 18:22:41.058,25.101,14,False
2019-11-05 18:22:16.753,KWT,6015,GA11,2019-11-05 18:22:40.619,23.866,12,False
2019-11-05 18:22:17.551,MOK,41,GA43,2019-11-05 18:22:39.004,21.453,5,False
2019-11-05 18:22:17.949,SKM,03,GA42,2019-11-05 18:22:38.070,20.121,8,False
2019-11-05 18:22:18.546,LOF,12,QA02,2019-11-05 18:22:38.468,19.922,12,False
2019-11-05 18:22:19.941,WTS,08,RA03,2019-11-05 18:24:01.543,101.602,11,False
2019-11-05 18:22:20.453,KWT,6014,QA06,2019-11-05 18:22:47.832,27.379,11,False
2019-11-05 18:22:20.453,YMT,31,GA44,2019-11-05 18:22:46.438,25.985,12,False
2019-11-05 18:22:21.535,SKM,21,GA15,2019-11-05 18:22:36.078,14.543,6,False
2019-11-05 18:22:21.734,KOB,08,QA05,2019-11-05 18:23:49.589,87.855,12,False
2019-11-05 18:22:22.132,KWT,6001,GA40,2019-11-05 18:22:43.847,21.715,6,False
2019-11-05 18:22:22.332,KOT,14,RA35,2019-11-05 18:22:37.680,15.348,8,False
2019-11-05 18:22:22.468,KWT,6004,RA37,2019-11-05 18:22:41.457,18.989,7,False
2019-11-05 18:22:23.129,SKM,14,QA01,2019-11-05 18:22:40.618,17.489,7,False
2019-11-05 18:22:23.328,MOK,43,GA43,2019-11-05 18:22:44.047,20.719,7,False
2019-11-05 18:22:23.528,DIH,10,QA36,2019-11-05 18:23:37.039,73.511,60,True
2019-11-05 18:22:24.921,CHH,04,RA04,2019-11-05 18:22:46.437,21.516,11,False
2019-11-05 18:22:25.486,LOF,09,GA14,2019-11-05 18:23:54.103,88.617,77,True
2019-11-05 18:22:26.316,SKM,05,GA42,2019-11-05 18:22:46.040,19.724,8,False
2019-11-05 18:22:27.910,KOT,01,GA15,2019-11-05 18:22:42.652,14.742,6,False
2019-11-05 18:22:28.507,KWT,6003,GA40,2019-11-05 18:22:49.226,20.719,4,False
2019-11-05 18:22:28.907,TIK,7102,QA38,2019-11-05 18:22:40.261,11.354,8,False
2019-11-05 18:22:29.504,LAT,6101,GA11,2019-11-05 18:22:42.253,12.749,16,False
2019-11-05 18:22:29.704,TIK,7114,QA39,2019-11-05 18:23:49.191,79.487,55,False
2019-11-05 18:22:30.101,KWT,6002,RA37,2019-11-05 18:22:51.402,21.301,9,False
2019-11-05 18:22:30.102,HOM,14,QA18,2019-11-05 18:22:52.599,22.497,8,False
2019-11-05 18:22:30.306,SKM,16,QA01,2019-11-05 18:22:44.632,14.326,3,False
2019-11-05 18:22:30.631,KOT,16,RA35,2019-11-05 18:22:44.047,13.416,5,False
2019-11-05 18:22:30.898,MOK,45,GA43,2019-11-05 18:23:04.566,33.668,12,False
2019-11-05 18:22:30.898,KOB,13,GA12,2019-11-05 18:22:50.023,19.125,8,False
2019-11-05 18:22:31.097,LOF,14,QA02,2019-11-05 18:22:46.040,14.943,6,False
2019-11-05 18:22:31.695,MOK,33,GA16,2019-11-05 18:23:07.555,35.86,15,False
2019-11-05 18:22:31.894,WTS,10,RA03,2019-11-05 18:24:10.508,98.614,87,True
2019-11-05 18:22:32.043,KWT,6012,QA06,2019-11-05 18:23:00.183,28.14,12,False
2019-11-05 18:22:33.089,YMT,33,GA44,2019-11-05 18:22:57.593,24.504,5,False
2019-11-05 18:22:33.488,KWT,6005,GA40,2019-11-05 18:22:59.144,25.656,5,False
2019-11-05 18:22:33.886,SKM,18,QA01,2019-11-05 18:22:54.007,20.121,8,False
2019-11-05 18:22:34.065,KOB,10,QA05,2019-11-05 18:23:59.551,85.486,73,True
2019-11-05 18:22:34.484,SKM,07,GA42,2019-11-05 18:22:53.609,19.125,8,False
2019-11-05 18:22:34.599,KOT,03,GA15,2019-11-05 18:22:49.027,14.428,4,False
2019-11-05 18:22:35.878,SKM,02,RA35,2019-11-05 18:22:51.019,15.141,5,False
2019-11-05 18:22:36.078,CHH,06,RA04,2019-11-05 18:22:56.199,20.121,7,False
2019-11-05 18:22:37.473,KOT,02,QA02,2019-11-05 18:22:53.011,15.538,6,False
2019-11-05 18:22:37.680,YAT,7012,QA38,2019-11-05 18:23:01.160,23.48,20,False
2019-11-05 18:22:38.264,YMT,35,GA44,2019-11-05 18:24:03.535,85.271,68,True
2019-11-05 18:22:38.607,HOM,16,QA18,2019-11-05 18:22:55.203,16.596,3,False
2019-11-05 18:22:38.867,YMT,42,QA20,2019-11-05 18:22:59.585,20.718,8,False
2019-11-05 18:22:39.004,KWT,6007,GA40,2019-11-05 18:24:06.904,87.9,69,True
2019-11-05 18:22:39.464,KOT,05,GA15,2019-11-05 18:22:55.601,16.137,5,False
2019-11-05 18:22:39.464,NTK,02,RA37,2019-11-05 18:22:58.191,18.727,9,False
2019-11-05 18:22:39.863,KOB,15,GA12,2019-11-05 18:22:57.593,17.73,8,False
2019-11-05 18:22:41.855,SKM,04,RA35,2019-11-05 18:22:58.191,16.336,5,False
2019-11-05 18:22:42.054,HOM,18,QA18,2019-11-05 18:22:59.187,17.133,4,False
2019-11-05 18:22:42.653,SKM,09,GA42,2019-11-05 18:22:58.191,15.538,2,False
2019-11-05 18:22:42.851,SKM,20,QA01,2019-11-05 18:23:07.084,24.233,10,False
2019-11-05 18:22:43.648,MOK,47,GA43,2019-11-05 18:24:16.683,93.035,75,True
2019-11-05 18:22:43.847,CHH,08,RA04,2019-11-05 18:23:07.083,23.236,4,False
2019-11-05 18:22:44.445,KOT,04,QA02,2019-11-05 18:23:00.582,16.137,6,False
2019-11-05 18:22:44.446,KWT,6010,QA06,2019-11-05 18:23:15.723,31.277,11,False
2019-11-05 18:22:45.441,SKM,11,GA42,2019-11-05 18:23:07.084,21.643,3,False
2019-11-05 18:22:45.442,KOT,07,GA15,2019-11-05 18:23:09.546,24.104,7,False
2019-11-05 18:22:45.839,HOM,13,GA17,2019-11-05 18:23:09.347,23.508,6,False
2019-11-05 18:22:46.039,LAT,6103,GA11,2019-11-05 18:23:01.160,15.121,4,False
2019-11-05 18:22:46.238,HOM,20,QA18,2019-11-05 18:23:10.941,24.703,,False
2019-11-05 18:22:47.234,YMT,44,QA20,2019-11-05 18:23:10.542,23.308,12,False
2019-11-05 18:22:47.433,MOK,35,GA16,2019-11-05 18:24:04.531,77.098,11,False
2019-11-05 18:22:47.832,SKM,06,RA35,2019-11-05 18:23:05.960,18.128,6,False
2019-11-05 18:22:48.032,HOM,20,GA18,2019-11-05 18:23:10.941,22.909,11,False
2019-11-05 18:22:48.231,CHH,10,RA04,2019-11-05 18:24:18.087,89.856,73,True
2019-11-05 18:22:48.429,NTK,01,GA12,2019-11-05 18:23:02.972,14.543,4,False
2019-11-05 18:22:48.601,NTK,04,RA37,2019-11-05 18:23:13.532,24.931,7,False
2019-11-05 18:22:49.425,SKM,13,GA42,2019-11-05 18:24:03.535,74.11,57,True
2019-11-05 18:22:49.624,TIK,7111,GA09,2019-11-05 18:22:59.144,9.52,0,False
2019-11-05 18:22:49.624,LAT,6108,RA07,2019-11-05 18:23:07.355,17.731,1,False
2019-11-05 18:22:50.421,LAT,6105,GA11,2019-11-05 18:24:03.336,72.915,57,True
2019-11-05 18:22:50.621,TIK,7113,GA09,2019-11-05 18:23:12.336,21.715,15,False
2019-11-05 18:22:50.791,LAT,6106,RA07,2019-11-05 18:24:01.343,70.552,14,False
2019-11-05 18:22:51.218,KOT,06,QA02,2019-11-05 18:23:14.527,23.309,5,False
2019-11-05 18:22:51.969,HOM,15,GA17,2019-11-05 18:23:22.097,30.128,15,False
2019-11-05 18:22:52.812,KOT,09,GA15,2019-11-05 18:24:30.031,97.219,81,True
2019-11-05 18:22:53.096,SKM,22A,QA01,2019-11-05 18:23:12.512,19.416,2,False
2019-11-05 18:22:53.210,MOK,42,RA46,2019-11-05 18:23:17.118,23.908,8,False
2019-11-05 18:22:53.410,NTK,03,GA12,2019-11-05 18:23:05.558,12.148,2,False
2019-11-05 18:22:53.609,HOM,10,RA19,2019-11-05 18:24:32.421,98.812,13,False
2019-11-05 18:22:54.406,SKM,08,RA35,2019-11-05 18:23:19.507,25.101,7,False
2019-11-05 18:22:55.800,KWT,6008,QA06,2019-11-05 18:24:24.851,89.051,71,True
2019-11-05 18:22:55.800,SKM,22B,QA01,2019-11-05 18:24:14.034,78.234,3,False
2019-11-05 18:22:56.199,NTK,05,GA12,2019-11-05 18:23:13.532,17.333,7,False
2019-11-05 18:22:56.398,NTK,06,RA37,2019-11-05 18:24:25.620,89.222,72,True
2019-11-05 18:22:56.797,KOT,08,QA02,2019-11-05 18:24:39.569,102.772,10,False
2019-11-05 18:22:57.792,YAT,7010,QA38,2019-11-05 18:23:17.316,19.524,9,False
2019-11-05 18:22:59.144,WHA,02,GA18,2019-11-05 18:23:18.511,19.367,7,False
2019-11-05 18:22:59.366,HOM,02,QA20,2019-11-05 18:23:34.050,34.684,22,False
2019-11-05 18:22:59.366,MOK,37,GA16,2019-11-05 18:24:11.044,71.678,54,True
2019-11-05 18:22:59.367,SKM,22C,QA01,2019-11-05 18:24:19.086,79.719,5,False
2019-11-05 18:23:01.976,MOK,44,RA46,2019-11-05 18:23:23.093,21.117,5,False
2019-11-05 18:23:01.976,SKM,10,RA35,2019-11-05 18:24:17.466,75.49,10,False
2019-11-05 18:23:03.371,NTK,07,GA12,2019-11-05 18:23:25.683,22.312,8,False
2019-11-05 18:23:04.765,MOK,32A,QA01,2019-11-05 18:24:24.055,79.29,63,True
2019-11-05 18:23:05.762,LAT,6104,RA07,2019-11-05 18:24:07.320,61.558,47,True
2019-11-05 18:23:05.960,TIK,7115,GA09,2019-11-05 18:23:16.320,10.36,0,False
2019-11-05 18:23:06.160,TIK,7149,GA09,2019-11-05 18:23:22.262,16.102,0,False
2019-11-05 18:23:06.558,TIK,7120,GA09,2019-11-05 18:23:30.265,23.707,,False
2019-11-05 18:23:06.757,TIK,7110,RS08,2019-11-05 18:23:25.285,18.528,9,False
2019-11-05 18:23:06.758,WHA,04,GA18,2019-11-05 18:23:31.459,24.701,5,False
2019-11-05 18:23:06.957,HOM,12,RA19,2019-11-05 18:24:40.789,93.832,75,True
2019-11-05 18:23:07.084,YAT,7008,QA38,2019-11-05 18:23:33.254,26.17,10,False
2019-11-05 18:23:07.356,HOM,17,GA17,2019-11-05 18:23:42.616,35.26,22,False
2019-11-05 18:23:07.554,MOK,46,RA46,2019-11-05 18:23:33.054,25.5,10,False
2019-11-05 18:23:07.753,KOT,10,QA02,2019-11-05 18:24:47.961,100.208,89,True
2019-11-05 18:23:08.750,TIK,7122,RA09,2019-11-05 18:24:08.316,59.566,44,False
2019-11-05 18:23:09.347,HOM,05,GA45,2019-11-05 18:23:34.050,24.703,8,False
2019-11-05 18:23:11.540,NTK,09,GA12,2019-11-05 18:24:31.027,79.487,10,False
2019-11-05 18:23:12.535,SKM,12,RA35,2019-11-05 18:24:26.633,74.098,62,True
2019-11-05 18:23:12.682,WHA,06,GA18,2019-11-05 18:25:17.046,124.364,106,True
2019-11-05 18:23:15.324,CHH,13A,GA13,2019-11-05 18:23:40.006,24.682,13,False
2019-11-05 18:23:16.121,YAT,7005,GA10,2019-11-05 18:23:32.208,16.087,9,False
2019-11-05 18:23:16.273,TIK,7108,RS08,2019-11-05 18:23:33.253,16.98,9,False
2019-11-05 18:23:17.463,WTS,07,GA41,2019-11-05 18:23:41.615,24.152,15,False
2019-11-05 18:23:17.515,YAT,7006C,QA38,2019-11-05 18:24:23.257,65.742,7,False
2019-11-05 18:23:17.683,HOM,07,GA45,2019-11-05 18:23:43.613,25.93,5,False
2019-11-05 18:23:18.114,YMT,32,RA46,2019-11-05 18:23:42.019,23.905,8,False
2019-11-05 18:23:21.699,NTK,11,GA12,2019-11-05 18:24:40.587,78.888,66,True
2019-11-05 18:23:21.898,HOM,04,QA20,2019-11-05 18:23:49.988,28.09,14,False
2019-11-05 18:23:22.696,HOM,09,GA45,2019-11-05 18:24:44.101,81.405,8,False
2019-11-05 18:23:23.691,DIH,12,QA36,2019-11-05 18:23:49.988,26.297,11,False
2019-11-05 18:23:25.285,TIK,7112C,QA39,2019-11-05 18:25:26.011,120.726,5,False
2019-11-05 18:23:25.484,YAT,7007,GA10,2019-11-05 18:23:56.120,30.636,21,False
2019-11-05 18:23:25.484,TIK,7106,RS08,2019-11-05 18:23:54.104,28.62,18,False
2019-11-05 18:23:25.485,YAT,7006B,QA38,2019-11-05 18:24:30.230,64.745,5,False
2019-11-05 18:23:27.063,YMT,34,RA46,2019-11-05 18:23:44.011,16.948,2,False
2019-11-05 18:23:28.472,CHH,15,GA13,2019-11-05 18:23:47.997,19.525,7,False
2019-11-05 18:23:29.269,YMT,36,RA46,2019-11-05 18:23:52.578,23.309,4,False
2019-11-05 18:23:30.205,HOM,19,GA17,2019-11-05 18:24:06.324,36.119,23,False
2019-11-05 18:23:30.864,TIK,7112B,QA39,2019-11-05 18:25:32.187,121.323,10,False
2019-11-05 18:23:31.062,YAT,7006A,QA38,2019-11-05 18:24:34.214,63.152,58,True
2019-11-05 18:23:31.681,HOM,11,GA45,2019-11-05 18:24:53.539,81.858,61,True
2019-11-05 18:23:32.611,WTS,09,GA41,2019-11-05 18:23:49.589,16.978,8,False
2019-11-05 18:23:34.250,YMT,38,RA46,2019-11-05 18:24:00.148,25.898,4,False
2019-11-05 18:23:35.246,WTS,02,QA36,2019-11-05 18:24:09.511,34.265,10,False
2019-11-05 18:23:36.242,CHH,17,GA13,2019-11-05 18:23:55.566,19.324,7,False
2019-11-05 18:23:36.840,HOM,06,QA20,2019-11-05 18:24:13.461,36.621,20,False
2019-11-05 18:23:39.032,YMT,40,RA46,2019-11-05 18:25:39.558,120.526,103,True
2019-11-05 18:23:40.824,WTS,11,GA41,2019-11-05 18:23:57.095,16.271,6,False
2019-11-05 18:23:41.615,TIK,7112A,QA39,2019-11-05 18:25:38.165,116.55,102,True
2019-11-05 18:23:42.616,LOF,11,GA14,2019-11-05 18:24:03.136,20.52,11,False
2019-11-05 18:23:43.962,TIK,7104,RS08,2019-11-05 18:24:06.125,22.163,11,False
2019-11-05 18:23:43.963,CHH,19,GA13,2019-11-05 18:24:01.937,17.974,7,False
2019-11-05 18:23:46.003,WTS,04,QA36,2019-11-05 18:24:22.660,36.657,12,False
2019-11-05 18:23:46.590,SKM,15,GA42,2019-11-05 18:24:11.503,24.913,14,False
2019-11-05 18:23:47.199,YMT,37,GA44,2019-11-05 18:24:07.519,20.32,6,False
2019-11-05 18:23:47.398,YAT,7009,GA10,2019-11-05 18:24:11.305,23.907,15,False
2019-11-05 18:23:47.598,LAT,6107,GA11,2019-11-05 18:24:09.312,21.714,11,False
2019-11-05 18:23:47.797,DIH,01,GA41,2019-11-05 18:24:09.113,21.316,6,False
2019-11-05 18:23:47.997,KOB,12,QA05,2019-11-05 18:24:08.515,20.518,11,False
2019-11-05 18:23:48.793,KWT,6009,GA40,2019-11-05 18:24:11.305,22.512,8,False
2019-11-05 18:23:51.183,CHH,21,GA13,2019-11-05 18:24:09.511,18.328,8,False
2019-11-05 18:23:52.778,TIK,7120,RA09,2019-11-05 18:24:19.231,26.453,5,False
2019-11-05 18:23:52.976,LAT,6102,RA07,2019-11-05 18:24:13.273,20.297,7,False
2019-11-05 18:23:53.375,HOM,21,GA17,2019-11-05 18:24:29.234,35.859,21,False
2019-11-05 18:23:53.774,YMT,39,GA44,2019-11-05 18:24:15.023,21.249,7,False
2019-11-05 18:23:53.972,MOK,39,GA16,2019-11-05 18:24:20.000,26.028,7,False
2019-11-05 18:23:54.104,LOF,13,GA14,2019-11-05 18:24:11.503,17.399,8,False
2019-11-05 18:23:54.171,DIH,03,GA41,2019-11-05 18:25:11.627,77.456,8,False
2019-11-05 18:23:55.566,TIK,7102,RS08,2019-11-05 18:24:19.231,23.665,23,False
2019-11-05 18:23:57.095,KWT,6011,GA40,2019-11-05 18:24:16.286,19.191,6,False
2019-11-05 18:23:57.431,HOM,08,QA20,2019-11-05 18:25:27.406,89.975,49,False
2019-11-05 18:23:58.448,WTS,06,QA36,2019-11-05 18:24:37.602,39.154,18,False
2019-11-05 18:23:58.753,TIK,7118,RA09,2019-11-05 18:24:26.246,27.493,4,False
2019-11-05 18:23:58.953,LAT,6109,GA11,2019-11-05 18:24:31.585,32.632,30,False
2019-11-05 18:23:59.152,SKM,01,GA43,2019-11-05 18:24:24.618,25.466,12,False
2019-11-05 18:23:59.550,WTS,12,RA03,2019-11-05 18:24:19.472,19.922,9,False
2019-11-05 18:23:59.686,KOB,01,GA13,2019-11-05 18:24:17.085,17.399,5,False
2019-11-05 18:23:59.750,KOB,14,QA05,2019-11-05 18:24:16.683,16.933,6,False
2019-11-05 18:24:00.467,KWT,6016,RA07,2019-11-05 18:24:28.836,28.369,11,False
2019-11-05 18:24:00.946,YMT,41,GA44,2019-11-05 18:24:26.047,25.101,9,False
2019-11-05 18:24:01.343,MOK,41,GA16,2019-11-05 18:24:28.039,26.696,6,False
2019-11-05 18:24:01.543,SKM,17,GA42,2019-11-05 18:24:20.001,18.458,9,False
2019-11-05 18:24:01.742,CHH,12,RA04,2019-11-05 18:24:24.618,22.876,9,False
2019-11-05 18:24:02.534,WTS,01,GA14,2019-11-05 18:24:21.024,18.49,9,False
2019-11-05 18:24:02.671,TIK,7101,GA10,2019-11-05 18:24:43.179,40.508,30,False
2019-11-05 18:24:02.932,DIH,05,GA41,2019-11-05 18:25:21.629,78.697,64,True
2019-11-05 18:24:02.932,TIK,7116,RA09,2019-11-05 18:25:50.316,107.384,16,False
2019-11-05 18:24:03.336,KWT,6013,GA40,2019-11-05 18:24:25.648,22.312,9,False
2019-11-05 18:24:05.464,KOB,03,GA13,2019-11-05 18:24:24.055,18.591,7,False
2019-11-05 18:24:06.325,KOB,16,QA05,2019-11-05 18:24:25.620,19.295,9,False
2019-11-05 18:24:06.904,KWT,6006,QA06,2019-11-05 18:24:29.832,22.928,7,False
2019-11-05 18:24:07.520,MOK,43,GA16,2019-11-05 18:24:34.016,26.496,7,False
2019-11-05 18:24:08.118,MOK,32B,QA01,2019-11-05 18:24:27.640,19.522,6,False
2019-11-05 18:24:08.914,WTS,14,RA03,2019-11-05 18:24:26.633,17.719,7,False
2019-11-05 18:24:09.113,NTK,08,RA37,2019-11-05 18:24:35.011,25.898,15,False
2019-11-05 18:24:10.906,MOK,31,GA44,2019-11-05 18:24:37.003,26.097,10,False
2019-11-05 18:24:11.105,SKM,19,GA42,2019-11-05 18:24:27.043,15.938,6,False
2019-11-05 18:24:11.304,CHH,14,RA04,2019-11-05 18:24:30.430,19.126,6,False
2019-11-05 18:24:11.902,SKM,03,GA43,2019-11-05 18:24:32.608,20.706,8,False
2019-11-05 18:24:12.299,WTS,03,GA14,2019-11-05 18:24:37.602,25.303,7,False
2019-11-05 18:24:12.300,KWT,6014,RA07,2019-11-05 18:24:40.988,28.688,14,False
2019-11-05 18:24:12.501,KWT,6015,GA40,2019-11-05 18:24:36.789,24.288,17,False
2019-11-05 18:24:13.461,KOB,05,GA13,2019-11-05 18:24:34.016,20.555,9,False
2019-11-05 18:24:14.291,KOT,11,GA15,2019-11-05 18:24:39.128,24.837,15,False
2019-11-05 18:24:14.371,KWT,6004,QA06,2019-11-05 18:24:35.012,20.641,6,False
2019-11-05 18:24:14.890,YMT,31,GA17,2019-11-05 18:24:41.586,26.696,13,False
2019-11-05 18:24:15.023,MOK,34A,QA01,2019-11-05 18:24:32.024,17.001,6,False
2019-11-05 18:24:15.089,SKM,14,RA35,2019-11-05 18:24:33.019,17.93,6,False
2019-11-05 18:24:15.488,MOK,45,GA16,2019-11-05 18:24:54.536,39.048,17,False
2019-11-05 18:24:16.086,CHH,02,QA05,2019-11-05 18:24:37.601,21.515,12,False
2019-11-05 18:24:16.484,LOF,02,RA03,2019-11-05 18:24:34.596,18.112,6,False
2019-11-05 18:24:16.684,WTS,08,QA36,2019-11-05 18:25:30.992,74.308,14,False
2019-11-05 18:24:17.281,SKM,21,GA42,2019-11-05 18:24:33.019,15.738,6,False
2019-11-05 18:24:18.277,CHH,16,RA04,2019-11-05 18:24:34.015,15.738,3,False
2019-11-05 18:24:19.086,YAT,7012,RS08,2019-11-05 18:24:44.101,25.015,13,False
2019-11-05 18:24:19.232,TIK,7114,RA09,2019-11-05 18:26:06.254,107.022,88,False
2019-11-05 18:24:19.872,WTS,05,GA14,2019-11-05 18:25:38.164,78.292,63,True
2019-11-05 18:24:20.269,SKM,05,GA43,2019-11-05 18:24:40.587,20.318,7,False
2019-11-05 18:24:20.669,KWT,6002,QA06,2019-11-05 18:24:46.368,25.699,12,False
2019-11-05 18:24:21.024,MOK,33,GA44,2019-11-05 18:24:55.112,34.088,11,False
2019-11-05 18:24:21.266,MOK,34B,QA01,2019-11-05 18:24:37.003,15.737,5,False
2019-11-05 18:24:21.665,SKM,16,RA35,2019-11-05 18:24:37.601,15.936,4,False
2019-11-05 18:24:21.863,CHH,18,RA04,2019-11-05 18:24:38.000,16.137,4,False
2019-11-05 18:24:21.991,HOM,14,RA19,2019-11-05 18:24:47.363,25.372,8,False
2019-11-05 18:24:22.859,LOF,04,RA03,2019-11-05 18:24:41.586,18.727,7,False
2019-11-05 18:24:23.458,KOB,07,GA13,2019-11-05 18:24:53.540,30.082,11,False
2019-11-05 18:24:24.055,KOT,01,GA42,2019-11-05 18:24:40.587,16.532,6,False
2019-11-05 18:24:24.453,NTK,10,RA37,2019-11-05 18:24:43.542,19.089,9,False
2019-11-05 18:24:25.847,SKM,18,RA35,2019-11-05 18:24:46.567,20.72,9,False
2019-11-05 18:24:26.445,CHH,20,RA04,2019-11-05 18:24:43.179,16.734,5,False
2019-11-05 18:24:26.633,KWT,6012,RA07,2019-11-05 18:24:54.136,27.503,11,False
2019-11-05 18:24:26.818,MOK,36,QA01,2019-11-05 18:24:54.536,27.718,10,False
2019-11-05 18:24:27.984,YMT,33,GA17,2019-11-05 18:24:52.144,24.16,5,False
2019-11-05 18:24:28.039,SKM,07,GA43,2019-11-05 18:24:48.558,20.519,8,False
2019-11-05 18:24:28.235,NTK,13,GA12,2019-11-05 18:24:49.552,21.317,10,False
2019-11-05 18:24:28.437,CHH,04,QA05,2019-11-05 18:24:51.148,22.711,11,False
2019-11-05 18:24:29.632,KOT,13,GA15,2019-11-05 18:24:46.566,16.934,8,False
2019-11-05 18:24:29.633,YAT,7004,QA38,2019-11-05 18:24:38.200,8.567,0,False
2019-11-05 18:24:29.832,YAT,7001,GA11,2019-11-05 18:24:55.332,25.5,10,False
2019-11-05 18:24:29.833,LAT,6101,GA40,2019-11-05 18:24:39.593,9.76,0,False
2019-11-05 18:24:30.230,YAT,7002,QA38,2019-11-05 18:24:46.149,15.919,9,False
2019-11-05 18:24:30.429,LOF,06,RA03,2019-11-05 18:24:56.129,25.7,8,False
2019-11-05 18:24:30.429,LAT,6103,GA40,2019-11-05 18:24:57.324,26.895,10,False
2019-11-05 18:24:30.628,HOM,22,RA19,2019-11-05 18:24:54.710,24.082,4,False
2019-11-05 18:24:30.828,KOT,03,GA42,2019-11-05 18:24:47.961,17.133,6,False
2019-11-05 18:24:31.028,WTS,10,QA36,2019-11-05 18:25:40.156,69.128,56,True
2019-11-05 18:24:32.023,DIH,02,RA04,2019-11-05 18:24:50.550,18.527,7,False
2019-11-05 18:24:32.421,MOK,35,GA44,2019-11-05 18:26:07.648,95.227,13,False
2019-11-05 18:24:32.962,TIK,7103,GA10,2019-11-05 18:24:56.328,23.366,20,False
2019-11-05 18:24:33.020,YAT,7010,RS08,2019-11-05 18:25:01.309,28.289,20,False
2019-11-05 18:24:33.466,YMT,35,GA17,2019-11-05 18:25:54.101,80.635,64,True
2019-11-05 18:24:33.466,NTK,02,QA06,2019-11-05 18:24:54.536,21.07,10,False
2019-11-05 18:24:33.466,MOK,47,GA16,2019-11-05 18:26:07.648,94.182,76,True
2019-11-05 18:24:33.618,HOM,13,GA45,2019-11-05 18:24:57.524,23.906,7,False
2019-11-05 18:24:33.816,NTK,12,RA37,2019-11-05 18:24:46.566,12.75,2,False
2019-11-05 18:24:34.597,KOB,09,GA13,2019-11-05 18:26:01.472,86.875,70,True
2019-11-05 18:24:35.410,SKM,20,RA35,2019-11-05 18:25:00.113,24.703,10,False
2019-11-05 18:24:35.548,HOM,05,RA19,2019-11-05 18:25:04.097,28.549,2,False
2019-11-05 18:24:36.555,SKM,09,GA43,2019-11-05 18:24:53.140,16.585,4,False
2019-11-05 18:24:36.789,KOT,12,QA02,2019-11-05 18:24:57.125,20.336,11,False
2019-11-05 18:24:36.804,NTK,14,RA37,2019-11-05 18:24:51.546,14.742,6,False
2019-11-05 18:24:37.601,MOK,38,QA01,2019-11-05 18:25:55.695,78.094,8,False
2019-11-05 18:24:37.800,KOT,05,GA42,2019-11-05 18:24:55.532,17.732,6,False
2019-11-05 18:24:38.000,KOT,15,GA15,2019-11-05 18:24:53.540,15.54,5,False
2019-11-05 18:24:38.398,KWT,6010,RA07,2019-11-05 18:25:11.627,33.229,10,False
2019-11-05 18:24:38.399,HOM,03,RA19,2019-11-05 18:27:29.328,170.929,,False
2019-11-05 18:24:39.128,LOF,08,RA03,2019-11-05 18:26:25.179,106.051,10,False
2019-11-05 18:24:39.196,NTK,15,GA12,2019-11-05 18:24:59.117,19.921,9,False
2019-11-05 18:24:39.793,DIH,04,RA04,2019-11-05 18:24:57.524,17.731,5,False
2019-11-05 18:24:39.794,CHH,06,QA05,2019-11-05 18:25:01.109,21.315,7,False
2019-11-05 18:24:39.992,LAT,6112,QA38,2019-11-05 18:25:18.242,38.25,22,False
2019-11-05 18:24:40.587,YAT,7003A,GA11,2019-11-05 18:26:05.258,84.671,12,False
2019-11-05 18:24:40.988,LAT,6105,GA40,2019-11-05 18:26:05.258,84.27,74,True
2019-11-05 18:24:41.187,SKM,11,GA43,2019-11-05 18:25:02.068,20.881,3,False
2019-11-05 18:24:41.386,HOM,15,GA45,2019-11-05 18:25:10.075,28.689,13,False
2019-11-05 18:24:42.980,KOB,02,RA37,2019-11-05 18:25:00.113,17.133,7,False
2019-11-05 18:24:43.542,NTK,04,QA06,2019-11-05 18:25:09.675,26.133,9,False
2019-11-05 18:24:43.977,LOF,01,GA15,2019-11-05 18:25:00.511,16.534,6,False
2019-11-05 18:24:44.773,KOT,07,GA42,2019-11-05 18:25:10.075,25.302,6,False
2019-11-05 18:24:44.773,SKM,13,GA43,2019-11-05 18:26:15.020,90.247,73,True
2019-11-05 18:24:45.571,MOK,37,GA44,2019-11-05 18:26:12.946,87.375,71,True
2019-11-05 18:24:45.769,SKM,22A,RA35,2019-11-05 18:25:05.493,19.724,2,False
2019-11-05 18:24:45.770,DIH,06,RA04,2019-11-05 18:25:16.050,30.28,10,False
2019-11-05 18:24:46.150,MOK,40,QA01,2019-11-05 18:26:02.070,75.92,59,True
2019-11-05 18:24:47.363,HOM,10,QA20,2019-11-05 18:26:48.095,120.732,12,False
2019-11-05 18:24:47.762,CHH,08,QA05,2019-11-05 18:25:11.627,23.865,4,False
2019-11-05 18:24:48.161,SKM,22B,RA35,2019-11-05 18:26:01.048,72.887,4,False
2019-11-05 18:24:48.359,KOT,14,QA02,2019-11-05 18:25:04.097,15.738,7,False
2019-11-05 18:24:48.957,KWT,6001,GA12,2019-11-05 18:25:08.879,19.922,7,False
2019-11-05 18:24:49.119,KWT,6008,RA07,2019-11-05 18:26:18.007,88.888,70,True
2019-11-05 18:24:49.553,LOF,10,RA03,2019-11-05 18:26:34.130,104.577,93,True
2019-11-05 18:24:50.153,KOB,04,RA37,2019-11-05 18:25:08.679,18.526,7,False
2019-11-05 18:24:50.153,LOF,03,GA15,2019-11-05 18:25:08.082,17.929,6,False
2019-11-05 18:24:51.746,KOT,09,GA42,2019-11-05 18:26:27.547,95.801,79,True
2019-11-05 18:24:52.343,SKM,22C,RA35,2019-11-05 18:26:06.054,73.711,4,False
2019-11-05 18:24:52.544,NTK,06,QA06,2019-11-05 18:26:12.032,79.488,63,True
2019-11-05 18:24:52.742,CHH,10,QA05,2019-11-05 18:26:15.974,83.232,66,True
2019-11-05 18:24:53.339,YAT,7003B,GA11,2019-11-05 18:26:09.240,75.901,0,False
2019-11-05 18:24:53.540,TIK,7105,GA10,2019-11-05 18:25:03.500,9.96,0,False
2019-11-05 18:24:53.540,YAT,7003C,GA11,2019-11-05 18:26:11.234,77.694,0,False
2019-11-05 18:24:53.739,YAT,7003D,GA11,2019-11-05 18:26:14.181,80.442,65,True
2019-11-05 18:24:53.937,YAT,7008,RS08,2019-11-05 18:25:15.254,21.317,20,False
2019-11-05 18:24:54.336,TIK,7107,GA10,2019-11-05 18:25:12.265,17.929,12,False
2019-11-05 18:24:55.132,HOM,17,GA45,2019-11-05 18:25:30.794,35.662,23,False
2019-11-05 18:24:55.930,KOT,16,QA02,2019-11-05 18:25:10.637,14.707,6,False
2019-11-05 18:24:56.129,KWT,6003,GA12,2019-11-05 18:25:13.436,17.307,3,False
2019-11-05 18:24:56.455,LOF,05,GA15,2019-11-05 18:25:21.032,24.577,7,False
2019-11-05 18:24:56.726,DIH,08,RA04,2019-11-05 18:26:13.625,76.899,10,False
2019-11-05 18:24:56.925,MOK,32A,RA35,2019-11-05 18:26:12.429,75.504,58,True
2019-11-05 18:24:58.122,KOB,06,RA37,2019-11-05 18:25:23.621,25.499,8,False
2019-11-05 18:24:59.515,WHA,04,GA18,2019-11-05 18:25:25.613,26.098,11,False
2019-11-05 18:24:59.714,HOM,12,QA20,2019-11-05 18:26:54.863,115.149,98,True
2019-11-05 18:25:00.114,KWT,6005,GA12,2019-11-05 18:25:24.603,24.489,5,False
2019-11-05 18:25:02.304,SKM,02,QA02,2019-11-05 18:25:17.046,14.742,5,False
2019-11-05 18:25:02.902,LAT,6110,QA38,2019-11-05 18:25:41.351,38.449,21,False
2019-11-05 18:25:03.699,LOF,07,GA15,2019-11-05 18:26:16.613,72.914,11,False
2019-11-05 18:25:05.294,KWT,6007,GA12,2019-11-05 18:26:39.524,94.23,76,True
2019-11-05 18:25:06.488,TIK,7109A,GA10,2019-11-05 18:26:30.160,83.672,8,False
2019-11-05 18:25:06.886,KOB,08,RA37,2019-11-05 18:26:30.957,84.071,11,False
2019-11-05 18:25:07.683,DIH,07,GA41,2019-11-05 18:25:29.574,21.891,8,False
2019-11-05 18:25:07.683,DIH,10,RA04,2019-11-05 18:26:22.531,74.848,62,True
2019-11-05 18:25:08.082,SKM,04,QA02,2019-11-05 18:25:23.023,14.941,5,False
2019-11-05 18:25:10.871,WHA,02,GA18,2019-11-05 18:25:35.574,24.703,8,False
2019-11-05 18:25:13.661,SKM,06,QA02,2019-11-05 18:25:30.593,16.932,6,False
2019-11-05 18:25:14.620,YAT,7006C,RS08,2019-11-05 18:25:24.218,9.598,0,False
2019-11-05 18:25:14.832,TIK,7109B,GA10,2019-11-05 18:26:35.340,80.508,0,False
2019-11-05 18:25:14.855,YAT,7006B,RS08,2019-11-05 18:25:32.188,17.333,0,False
2019-11-05 18:25:15.054,TIK,7109C,GA10,2019-11-05 18:26:40.320,85.266,69,True
2019-11-05 18:25:15.055,YAT,7006A,RS08,2019-11-05 18:25:38.165,23.11,9,True
2019-11-05 18:25:15.254,LOF,09,GA15,2019-11-05 18:26:26.175,70.921,60,True
2019-11-05 18:25:16.648,DIH,09,GA41,2019-11-05 18:25:37.566,20.918,10,False
2019-11-05 18:25:18.242,HOM,19,GA45,2019-11-05 18:25:53.305,35.063,22,False
2019-11-05 18:25:18.840,KOB,10,RA37,2019-11-05 18:26:41.113,82.273,71,True
2019-11-05 18:25:19.836,HOM,20,GA18,2019-11-05 18:25:52.308,32.472,16,False
2019-11-05 18:25:20.598,SKM,08,QA02,2019-11-05 18:25:43.941,23.343,6,False
2019-11-05 18:25:22.824,YMT,42,RA46,2019-11-05 18:25:43.942,21.118,8,False
2019-11-05 18:25:23.023,WTS,07,GA14,2019-11-05 18:25:46.531,23.508,14,False
2019-11-05 18:25:24.418,YAT,7004,RS08,2019-11-05 18:25:43.344,18.926,3,False
2019-11-05 18:25:24.602,LAT,6108,QA38,2019-11-05 18:25:55.298,30.696,7,False
2019-11-05 18:25:24.603,TIK,7110,QA39,2019-11-05 18:25:44.339,19.736,7,False
2019-11-05 18:25:26.808,SKM,10,QA02,2019-11-05 18:26:39.524,72.716,9,False
2019-11-05 18:25:27.406,CHH,01,GA41,2019-11-05 18:25:43.941,16.535,5,False
2019-11-05 18:25:27.804,YAT,7002,RS08,2019-11-05 18:25:53.305,25.501,10,False
2019-11-05 18:25:27.931,WTS,12,QA36,2019-11-05 18:25:49.121,21.19,11,False
2019-11-05 18:25:31.590,YMT,44,RA46,2019-11-05 18:25:55.054,23.464,13,False
2019-11-05 18:25:31.789,LAT,6106,QA38,2019-11-05 18:26:45.300,73.511,15,False
2019-11-05 18:25:31.963,TIK,7108,QA39,2019-11-05 18:25:51.312,19.349,15,False
2019-11-05 18:25:33.183,CHH,03,GA41,2019-11-05 18:25:49.121,15.938,5,False
2019-11-05 18:25:36.172,HOM,18,GA18,2019-11-05 18:25:57.290,21.118,4,False
2019-11-05 18:25:36.373,SKM,12,QA02,2019-11-05 18:26:48.488,72.115,60,True
2019-11-05 18:25:37.567,YMT,37,GA17,2019-11-05 18:25:58.038,20.471,6,False
2019-11-05 18:25:37.944,WTS,09,GA14,2019-11-05 18:25:55.054,17.11,7,False
2019-11-05 18:25:38.562,LAT,6112,RS08,2019-11-05 18:27:17.176,98.614,36,False
2019-11-05 18:25:38.962,CHH,05,GA41,2019-11-05 18:25:55.054,16.092,4,False
2019-11-05 18:25:39.161,WTS,14,QA36,2019-11-05 18:25:59.082,19.921,6,False
2019-11-05 18:25:40.953,HOM,21,GA45,2019-11-05 18:26:17.387,36.434,21,False
2019-11-05 18:25:40.954,HOM,22,GA18,2019-11-05 18:26:02.270,21.316,4,False
2019-11-05 18:25:43.689,CHH,07,GA41,2019-11-05 18:25:57.488,13.799,2,False
2019-11-05 18:25:44.140,YMT,39,GA17,2019-11-05 18:26:04.977,20.837,6,False
2019-11-05 18:25:45.136,KOB,11,GA13,2019-11-05 18:26:11.036,25.9,14,False
2019-11-05 18:25:45.136,HOM,02,RA46,2019-11-05 18:26:17.387,32.251,21,False
2019-11-05 18:25:45.136,HOM,07,GA18,2019-11-05 18:26:11.430,26.294,5,False
2019-11-05 18:25:45.698,MOK,42,QA01,2019-11-05 18:26:08.614,22.916,9,False
2019-11-05 18:25:45.922,LOF,02,QA36,2019-11-05 18:26:18.008,32.086,7,False
2019-11-05 18:25:45.933,WTS,11,GA14,2019-11-05 18:26:03.012,17.079,6,False
2019-11-05 18:25:46.133,CHH,09B,GA41,2019-11-05 18:26:14.024,27.891,8,False
2019-11-05 18:25:47.673,TIK,7106,QA39,2019-11-05 18:26:12.214,24.541,16,False
2019-11-05 18:25:47.674,LAT,6104,QA38,2019-11-05 18:26:52.206,64.532,50,True
2019-11-05 18:25:47.726,TIK,7112C,RA09,2019-11-05 18:28:06.183,138.457,10,False
2019-11-05 18:25:49.918,SKM,01,GA16,2019-11-05 18:26:15.974,26.056,12,False
2019-11-05 18:25:50.619,HOM,09,GA18,2019-11-05 18:26:59.246,68.627,7,False
2019-11-05 18:25:50.715,YMT,41,GA17,2019-11-05 18:26:22.531,31.816,10,False
2019-11-05 18:25:52.279,DIH,01,GA14,2019-11-05 18:26:15.020,22.741,7,False
2019-11-05 18:25:53.304,LOF,04,QA36,2019-11-05 18:26:42.511,49.207,14,False
2019-11-05 18:25:54.300,CHH,11,GA41,2019-11-05 18:27:16.579,82.279,67,True
2019-11-05 18:25:55.054,LAT,6107,GA40,2019-11-05 18:26:12.214,17.16,5,False
2019-11-05 18:25:55.297,MOK,44,QA01,2019-11-05 18:26:12.946,17.649,4,False
2019-11-05 18:25:55.497,MOK,32B,RA35,2019-11-05 18:26:16.613,21.116,6,False
2019-11-05 18:25:56.093,NTK,08,QA06,2019-11-05 18:26:22.191,26.098,14,False
2019-11-05 18:25:56.872,MOK,39,GA44,2019-11-05 18:26:19.567,22.695,6,False
2019-11-05 18:25:58.039,HOM,11,GA18,2019-11-05 18:27:08.197,70.158,50,True
2019-11-05 18:25:58.619,SKM,15,GA43,2019-11-05 18:26:23.152,24.533,14,False
2019-11-05 18:25:58.664,TIK,7112B,RA09,2019-11-05 18:28:10.155,131.491,0,False
2019-11-05 18:25:58.873,TIK,7112A,RA09,2019-11-05 18:28:17.340,138.467,126,True
2019-11-05 18:25:58.874,YAT,7005,GA11,2019-11-05 18:26:20.199,21.325,15,False
2019-11-05 18:25:59.281,CHH,12,QA05,2019-11-05 18:26:22.530,23.249,9,False
2019-11-05 18:25:59.879,KWT,6006,RA07,2019-11-05 18:26:22.390,22.511,7,False
2019-11-05 18:26:00.054,MOK,46,QA01,2019-11-05 18:26:21.526,21.472,9,False
2019-11-05 18:26:00.055,KOB,13,GA13,2019-11-05 18:26:20.001,19.946,10,False
2019-11-05 18:26:00.055,DIH,03,GA14,2019-11-05 18:27:06.019,65.964,8,False
2019-11-05 18:26:01.048,LAT,6109,GA40,2019-11-05 18:26:34.343,33.295,23,False
2019-11-05 18:26:01.422,MOK,31,GA17,2019-11-05 18:26:34.130,32.708,15,False
2019-11-05 18:26:02.071,MOK,34A,RA35,2019-11-05 18:26:21.992,19.921,6,False
2019-11-05 18:26:02.468,YMT,31,GA45,2019-11-05 18:26:29.962,27.494,13,False
2019-11-05 18:26:02.591,SKM,03,GA16,2019-11-05 18:26:24.582,21.991,9,False
2019-11-05 18:26:03.664,MOK,41,GA44,2019-11-05 18:26:24.582,20.918,5,False
2019-11-05 18:26:04.062,TIK,7104,QA39,2019-11-05 18:26:22.191,18.129,10,False
2019-11-05 18:26:06.254,HOM,04,RA46,2019-11-05 18:26:33.347,27.093,14,False
2019-11-05 18:26:07.250,KWT,6004,RA07,2019-11-05 18:26:25.976,18.726,5,False
2019-11-05 18:26:07.649,LOF,06,QA36,2019-11-05 18:26:59.009,51.36,30,False
2019-11-05 18:26:08.843,MOK,34B,RA35,2019-11-05 18:26:27.547,18.704,6,False
2019-11-05 18:26:08.843,DIH,05,GA14,2019-11-05 18:27:14.984,66.141,53,True
2019-11-05 18:26:09.035,CHH,14,QA05,2019-11-05 18:26:28.537,19.502,6,False
2019-11-05 18:26:09.242,YMT,32,QA01,2019-11-05 18:26:29.515,20.273,6,False
2019-11-05 18:26:09.640,MOK,43,GA44,2019-11-05 18:26:29.514,19.874,7,False
2019-11-05 18:26:10.239,DIH,12,RA04,2019-11-05 18:26:33.148,22.909,10,False
2019-11-05 18:26:10.437,KOB,15,GA13,2019-11-05 18:26:26.972,16.535,7,False
2019-11-05 18:26:10.637,NTK,10,QA06,2019-11-05 18:26:30.559,19.922,9,False
2019-11-05 18:26:11.036,KOT,11,GA42,2019-11-05 18:26:36.536,25.5,15,False
2019-11-05 18:26:11.832,SKM,05,GA16,2019-11-05 18:26:33.148,21.316,7,False
2019-11-05 18:26:12.629,SKM,17,GA43,2019-11-05 18:26:32.102,19.473,9,False
2019-11-05 18:26:13.027,KWT,6002,RA07,2019-11-05 18:26:36.911,23.884,11,False
2019-11-05 18:26:14.621,YAT,7007,GA11,2019-11-05 18:26:43.309,28.688,20,False
2019-11-05 18:26:14.820,TIK,7102,QA39,2019-11-05 18:26:33.347,18.527,10,False
2019-11-05 18:26:15.019,LAT,6110,RS08,2019-11-05 18:27:37.297,82.278,69,False
2019-11-05 18:26:15.218,MOK,36,RA35,2019-11-05 18:26:46.496,31.278,12,False
2019-11-05 18:26:15.617,LOF,11,GA15,2019-11-05 18:26:34.543,18.926,10,False
2019-11-05 18:26:15.816,YMT,33,GA45,2019-11-05 18:26:41.114,25.298,5,False
2019-11-05 18:26:15.973,CHH,16,QA05,2019-11-05 18:26:32.522,16.549,4,False
2019-11-05 18:26:16.215,YMT,34,QA01,2019-11-05 18:26:30.957,14.742,1,False
2019-11-05 18:26:16.613,MOK,33,GA17,2019-11-05 18:26:51.650,35.037,12,False
2019-11-05 18:26:17.011,MOK,45,GA44,2019-11-05 18:26:50.095,33.084,11,False
2019-11-05 18:26:17.808,NTK,01,GA13,2019-11-05 18:26:32.523,14.715,5,False
2019-11-05 18:26:18.207,YMT,36,QA01,2019-11-05 18:26:38.628,20.421,4,False
2019-11-05 18:26:19.801,SKM,07,GA16,2019-11-05 18:26:42.111,22.31,8,False
2019-11-05 18:26:20.000,CHH,18,QA05,2019-11-05 18:26:36.136,16.136,3,False
2019-11-05 18:26:20.399,NTK,12,QA06,2019-11-05 18:26:34.130,13.731,3,False
2019-11-05 18:26:20.993,HOM,06,RA46,2019-11-05 18:26:55.859,34.866,19,False
2019-11-05 18:26:21.195,WTS,02,RA04,2019-11-05 18:26:41.515,20.32,9,False
2019-11-05 18:26:21.593,YMT,35,GA45,2019-11-05 18:27:35.045,73.452,56,True
2019-11-05 18:26:21.793,KWT,6009,GA12,2019-11-05 18:26:44.902,23.109,8,False
2019-11-05 18:26:22.590,SKM,19,GA43,2019-11-05 18:26:39.125,16.535,6,False
2019-11-05 18:26:22.789,LOF,12,RA03,2019-11-05 18:26:42.511,19.722,11,False
2019-11-05 18:26:23.187,YMT,38,QA01,2019-11-05 18:26:46.097,22.91,3,False
2019-11-05 18:26:23.586,CHH,20,QA05,2019-11-05 18:26:41.113,17.527,6,False
2019-11-05 18:26:23.785,NTK,03,GA13,2019-11-05 18:26:34.543,10.758,1,False
2019-11-05 18:26:23.984,NTK,14,QA06,2019-11-05 18:26:40.508,16.524,6,False
2019-11-05 18:26:24.583,NTK,02,RA07,2019-11-05 18:26:43.508,18.925,8,False
2019-11-05 18:26:24.781,TIK,7111,GA10,2019-11-05 18:26:46.297,21.516,8,False
2019-11-05 18:26:24.980,YAT,7001,GA40,2019-11-05 18:27:02.193,37.213,20,False
2019-11-05 18:26:24.981,YAT,7012,QA39,2019-11-05 18:26:55.261,30.28,21,False
2019-11-05 18:26:25.379,NTK,05,GA13,2019-11-05 18:26:43.109,17.73,6,False
2019-11-05 18:26:25.778,LOF,13,GA15,2019-11-05 18:26:43.508,17.73,8,False
2019-11-05 18:26:26.375,KOT,13,GA42,2019-11-05 18:26:44.105,17.73,8,False
2019-11-05 18:26:26.375,YMT,40,QA01,2019-11-05 18:27:43.074,76.699,60,True
2019-11-05 18:26:27.968,MOK,38,RA35,2019-11-05 18:27:44.602,76.634,10,False
2019-11-05 18:26:28.367,MOK,47,GA44,2019-11-05 18:27:51.044,82.677,65,True
2019-11-05 18:26:28.536,SKM,09,GA16,2019-11-05 18:26:46.496,17.96,4,False
2019-11-05 18:26:29.164,MOK,35,GA17,2019-11-05 18:27:44.602,75.438,13,False
2019-11-05 18:26:29.515,SKM,21,GA43,2019-11-05 18:26:44.504,14.989,6,False
2019-11-05 18:26:29.761,DIH,02,QA05,2019-11-05 18:26:48.488,18.727,8,False
2019-11-05 18:26:29.962,KOB,12,RA37,2019-11-05 18:26:50.095,20.133,10,False
2019-11-05 18:26:30.160,KOB,02,QA06,2019-11-05 18:26:51.040,20.88,9,False
2019-11-05 18:26:30.356,WTS,04,RA04,2019-11-05 18:26:49.484,19.128,8,False
2019-11-05 18:26:30.356,KWT,6011,GA12,2019-11-05 18:26:49.253,18.897,5,False
2019-11-05 18:26:32.152,NTK,07,GA13,2019-11-05 18:26:55.660,23.508,8,False
2019-11-05 18:26:32.949,TIK,7113,GA10,2019-11-05 18:27:00.121,27.172,12,False
2019-11-05 18:26:33.149,SKM,11,GA16,2019-11-05 18:26:55.062,21.913,4,False
2019-11-05 18:26:33.547,NTK,04,RA07,2019-11-05 18:26:59.009,25.462,8,False
2019-11-05 18:26:33.945,WTS,01,GA15,2019-11-05 18:26:52.672,18.727,9,False
2019-11-05 18:26:34.343,LOF,14,RA03,2019-11-05 18:26:50.095,15.752,7,False
2019-11-05 18:26:34.742,YAT,7009,GA11,2019-11-05 18:26:58.250,23.508,16,False
2019-11-05 18:26:34.941,KOT,15,GA42,2019-11-05 18:26:51.040,16.099,6,False
2019-11-05 18:26:35.738,KWT,6013,GA12,2019-11-05 18:26:58.847,23.109,9,False
2019-11-05 18:26:35.937,KOT,01,GA43,2019-11-05 18:26:51.040,15.103,6,False
2019-11-05 18:26:36.735,SKM,14,QA02,2019-11-05 18:26:54.625,17.89,6,False
2019-11-05 18:26:37.532,SKM,13,GA16,2019-11-05 18:27:48.530,70.998,54,True
2019-11-05 18:26:37.929,DIH,04,QA05,2019-11-05 18:26:55.062,17.133,6,False
2019-11-05 18:26:38.129,HOM,14,QA20,2019-11-05 18:26:58.649,20.52,7,False
2019-11-05 18:26:38.328,LAT,6102,QA38,2019-11-05 18:26:56.258,17.93,6,False
2019-11-05 18:26:38.328,LOF,08,QA36,2019-11-05 18:28:10.522,92.194,13,False
2019-11-05 18:26:38.527,WTS,06,RA04,2019-11-05 18:27:03.629,25.102,6,False
2019-11-05 18:26:38.527,MOK,40,RA35,2019-11-05 18:27:51.043,72.516,56,True
2019-11-05 18:26:39.324,KOB,04,QA06,2019-11-05 18:27:01.040,21.716,10,False
2019-11-05 18:26:40.508,HOM,08,RA46,2019-11-05 18:27:34.708,54.2,27,False
2019-11-05 18:26:40.509,KOB,14,RA37,2019-11-05 18:26:58.050,17.541,7,False
2019-11-05 18:26:41.113,NTK,09,GA13,2019-11-05 18:27:57.617,76.504,11,False
2019-11-05 18:26:41.715,KOT,02,RA03,2019-11-05 18:26:56.997,15.282,6,False
2019-11-05 18:26:41.927,LOF,01,GA42,2019-11-05 18:26:57.454,15.527,5,False
2019-11-05 18:26:42.111,NTK,06,RA07,2019-11-05 18:28:08.575,86.464,69,True
2019-11-05 18:26:42.656,MOK,37,GA17,2019-11-05 18:27:50.047,67.391,50,True
2019-11-05 18:26:42.711,KOT,03,GA43,2019-11-05 18:26:57.453,14.742,5,False
2019-11-05 18:26:43.707,WTS,03,GA15,2019-11-05 18:27:08.609,24.902,5,False
2019-11-05 18:26:43.707,SKM,16,QA02,2019-11-05 18:26:58.648,14.941,3,False
2019-11-05 18:26:44.504,KWT,6016,QA38,2019-11-05 18:27:09.804,25.3,10,False
2019-11-05 18:26:44.703,DIH,06,QA05,2019-11-05 18:27:13.988,29.285,10,False
2019-11-05 18:26:45.101,WTS,08,RA04,2019-11-05 18:28:04.590,79.489,11,False
2019-11-05 18:26:45.500,KWT,6015,GA12,2019-11-05 18:27:09.804,24.304,14,False
2019-11-05 18:26:45.501,YAT,7003A,GA40,2019-11-05 18:28:05.188,79.687,5,False
2019-11-05 18:26:45.699,TIK,7115,GA10,2019-11-05 18:27:02.193,16.494,4,False
2019-11-05 18:26:45.869,HOM,16,QA20,2019-11-05 18:27:02.193,16.324,3,False
2019-11-05 18:26:46.098,YAT,7010,QA39,2019-11-05 18:27:12.195,26.097,14,False
2019-11-05 18:26:47.293,SKM,18,QA02,2019-11-05 18:27:08.012,20.719,8,False
2019-11-05 18:26:47.691,LOF,03,GA42,2019-11-05 18:27:04.027,16.336,6,False
2019-11-05 18:26:47.691,KOB,16,RA37,2019-11-05 18:27:07.016,19.325,9,False
2019-11-05 18:26:48.289,KOT,05,GA43,2019-11-05 18:27:04.601,16.312,6,False
2019-11-05 18:26:48.687,KOT,04,RA03,2019-11-05 18:27:05.023,16.336,5,False
2019-11-05 18:26:48.886,HOM,13,GA18,2019-11-05 18:27:12.196,23.31,7,False
2019-11-05 18:26:49.253,HOM,18,QA20,2019-11-05 18:27:05.621,16.368,4,False
2019-11-05 18:26:49.485,WTS,05,GA15,2019-11-05 18:28:13.554,84.069,69,True
2019-11-05 18:26:49.684,KOB,06,QA06,2019-11-05 18:27:15.582,25.898,9,False
2019-11-05 18:26:50.481,TIK,7149,GA10,2019-11-05 18:27:08.197,17.716,0,False
2019-11-05 18:26:50.879,TIK,7101,GA11,2019-11-05 18:27:32.117,41.238,33,False
2019-11-05 18:26:50.879,TIK,7120,GA10,2019-11-05 18:27:15.964,25.085,,False
2019-11-05 18:26:51.039,YAT,7003B,GA40,2019-11-05 18:28:09.172,78.133,2,False
2019-11-05 18:26:51.040,TIK,7120,QA10,2019-11-05 18:27:15.964,24.924,2,False
2019-11-05 18:26:52.095,LOF,10,QA36,2019-11-05 18:28:19.531,87.436,75,True
2019-11-05 18:26:52.206,NTK,11,GA13,2019-11-05 18:28:07.579,75.373,62,True
2019-11-05 18:26:53.269,TIK,7122,QA10,2019-11-05 18:27:56.222,62.953,45,False
2019-11-05 18:26:53.468,YAT,7003C,GA40,2019-11-05 18:28:12.150,78.682,6,False
2019-11-05 18:26:53.668,HOM,20,QA20,2019-11-05 18:27:16.180,22.512,,False
2019-11-05 18:26:53.867,LOF,05,GA42,2019-11-05 18:27:17.972,24.105,6,False
2019-11-05 18:26:54.465,KOT,07,GA43,2019-11-05 18:27:19.168,24.703,6,False
2019-11-05 18:26:54.664,KOT,06,RA03,2019-11-05 18:27:19.168,24.504,5,False
2019-11-05 18:26:54.864,DIH,08,QA05,2019-11-05 18:28:16.081,81.217,10,False
2019-11-05 18:26:55.261,HOM,20,GA20,2019-11-05 18:27:16.180,20.919,9,False
2019-11-05 18:26:55.461,KWT,6014,QA38,2019-11-05 18:27:19.765,24.304,11,False
2019-11-05 18:26:56.058,HOM,15,GA18,2019-11-05 18:27:24.945,28.887,14,False
2019-11-05 18:26:56.059,SKM,20,QA02,2019-11-05 18:27:21.160,25.101,11,False
2019-11-05 18:26:57.054,WTS,10,RA04,2019-11-05 18:28:14.152,77.098,65,True
2019-11-05 18:26:57.652,CHH,02,RA37,2019-11-05 18:27:17.972,20.32,11,False
2019-11-05 18:26:59.644,KOB,08,QA06,2019-11-05 18:28:33.676,94.032,11,False
2019-11-05 18:26:59.843,LAT,6101,GA12,2019-11-05 18:27:12.195,12.352,0,False
2019-11-05 18:27:00.441,YAT,7003D,GA40,2019-11-05 18:28:15.347,74.906,64,True
2019-11-05 18:27:00.441,YAT,7008,QA39,2019-11-05 18:27:27.336,26.895,9,False
2019-11-05 18:27:00.441,KOT,08,RA03,2019-11-05 18:28:47.621,107.18,10,False
2019-11-05 18:27:00.612,LOF,07,GA42,2019-11-05 18:28:12.948,72.336,11,False
2019-11-05 18:27:00.613,LAT,6103,GA12,2019-11-05 18:27:29.328,28.715,11,False
2019-11-05 18:27:01.189,KOT,09,GA43,2019-11-05 18:28:35.070,93.881,78,True
2019-11-05 18:27:02.035,CHH,13A,GA41,2019-11-05 18:27:26.492,24.457,12,False
2019-11-05 18:27:02.434,DIH,07,GA14,2019-11-05 18:27:23.152,20.718,8,False
2019-11-05 18:27:04.824,WHA,02,GA20,2019-11-05 18:27:23.750,18.926,6,False
2019-11-05 18:27:05.223,DIH,10,QA05,2019-11-05 18:28:25.063,79.84,67,True
2019-11-05 18:27:07.016,KWT,6012,QA38,2019-11-05 18:27:31.520,24.504,10,False
2019-11-05 18:27:07.216,SKM,22A,QA02,2019-11-05 18:27:26.492,19.276,2,False
2019-11-05 18:27:07.613,HOM,10,RA46,2019-11-05 18:28:34.672,87.059,12,False
2019-11-05 18:27:09.406,SKM,22B,QA02,2019-11-05 18:28:28.499,79.093,4,False
2019-11-05 18:27:09.407,CHH,04,RA37,2019-11-05 18:27:31.473,22.066,11,False
2019-11-05 18:27:09.605,YAT,7006C,QA39,2019-11-05 18:28:23.316,73.711,13,False
2019-11-05 18:27:10.403,HOM,17,GA18,2019-11-05 18:27:44.867,34.464,22,False
2019-11-05 18:27:10.599,DIH,09,GA14,2019-11-05 18:27:31.519,20.92,10,False
2019-11-05 18:27:11.398,WHA,04,GA20,2019-11-05 18:27:36.500,25.102,5,False
2019-11-05 18:27:11.398,KOT,10,RA03,2019-11-05 18:28:55.988,104.59,93,True
2019-11-05 18:27:11.399,KOB,10,QA06,2019-11-05 18:28:43.637,92.238,80,True
2019-11-05 18:27:11.797,LOF,09,GA42,2019-11-05 18:28:22.520,70.723,59,True
2019-11-05 18:27:12.563,HOM,05,GA19,2019-11-05 18:27:37.098,24.535,8,False
2019-11-05 18:27:12.593,LAT,6105,GA12,2019-11-05 18:28:39.255,86.662,73,True
2019-11-05 18:27:13.590,SKM,22C,QA02,2019-11-05 18:28:33.676,80.086,4,False
2019-11-05 18:27:14.187,CHH,15,GA41,2019-11-05 18:27:34.499,20.312,8,False
2019-11-05 18:27:17.376,WHA,06,GA20,2019-11-05 18:29:14.118,116.742,97,True
2019-11-05 18:27:17.574,KWT,6010,QA38,2019-11-05 18:27:48.182,30.608,9,False
2019-11-05 18:27:18.570,YMT,37,GA45,2019-11-05 18:27:38.661,20.091,6,False
2019-11-05 18:27:18.571,MOK,32A,QA02,2019-11-05 18:28:38.457,79.886,63,True
2019-11-05 18:27:20.363,HOM,12,RA46,2019-11-05 18:28:43.238,82.875,63,True
2019-11-05 18:27:20.563,CHH,06,RA37,2019-11-05 18:27:41.082,20.519,7,False
2019-11-05 18:27:20.761,HOM,07,GA19,2019-11-05 18:27:46.608,25.847,4,False
2019-11-05 18:27:21.160,CHH,01,GA14,2019-11-05 18:27:38.093,16.933,5,False
2019-11-05 18:27:22.939,CHH,17,GA41,2019-11-05 18:27:42.050,19.111,7,False
2019-11-05 18:27:23.551,YAT,7006B,QA39,2019-11-05 18:28:29.293,65.742,0,False
2019-11-05 18:27:24.348,TIK,7103,GA11,2019-11-05 18:27:45.266,20.918,13,False
2019-11-05 18:27:24.547,YAT,7006A,QA39,2019-11-05 18:28:35.269,70.722,61,True
2019-11-05 18:27:24.547,LAT,6108,RS08,2019-11-05 18:27:45.266,20.719,3,False
2019-11-05 18:27:24.746,YMT,39,GA45,2019-11-05 18:27:46.608,21.862,7,False
2019-11-05 18:27:25.725,HOM,09,GA19,2019-11-05 18:28:57.183,91.458,8,False
2019-11-05 18:27:26.492,YMT,42,QA01,2019-11-05 18:27:48.054,21.562,8,False
2019-11-05 18:27:26.938,CHH,03,GA14,2019-11-05 18:27:43.672,16.734,4,False
2019-11-05 18:27:27.136,KWT,6008,QA38,2019-11-05 18:28:46.978,79.842,61,True
2019-11-05 18:27:27.735,LAT,6106,RS08,2019-11-05 18:27:52.238,24.503,10,False
2019-11-05 18:27:27.933,CHH,08,RA37,2019-11-05 18:27:52.040,24.107,5,False
2019-11-05 18:27:30.473,CHH,19,GA41,2019-11-05 18:27:50.047,19.574,7,False
2019-11-05 18:27:31.718,SKM,15,GA16,2019-11-05 18:27:56.621,24.903,14,False
2019-11-05 18:27:31.719,CHH,05,GA14,2019-11-05 18:27:49.641,17.922,5,False
2019-11-05 18:27:32.515,YMT,41,GA45,2019-11-05 18:28:00.593,28.078,9,False
2019-11-05 18:27:32.914,HOM,19,GA18,2019-11-05 18:28:06.383,33.469,21,False
2019-11-05 18:27:33.511,MOK,39,GA17,2019-11-05 18:27:58.977,25.466,7,False
2019-11-05 18:27:33.711,SKM,01,GA44,2019-11-05 18:27:58.977,25.266,12,False
2019-11-05 18:27:33.910,CHH,10,RA37,2019-11-05 18:29:03.499,89.589,72,True
2019-11-05 18:27:34.308,HOM,11,GA19,2019-11-05 18:29:06.547,92.239,73,True
2019-11-05 18:27:34.708,MOK,42,RA35,2019-11-05 18:27:57.617,22.909,9,False
2019-11-05 18:27:35.304,YMT,44,QA01,2019-11-05 18:27:59.011,23.707,12,False
2019-11-05 18:27:37.695,CHH,07,GA14,2019-11-05 18:27:52.605,14.91,2,False
2019-11-05 18:27:37.895,TIK,7105,GA11,2019-11-05 18:27:52.238,14.343,0,False
2019-11-05 18:27:38.293,LAT,6104,RS08,2019-11-05 18:27:59.566,21.273,17,True
2019-11-05 18:27:38.294,CHH,21,GA41,2019-11-05 18:27:58.015,19.721,7,False
2019-11-05 18:27:38.661,TIK,7107,GA11,2019-11-05 18:27:59.566,20.905,16,False
2019-11-05 18:27:38.662,TIK,7120,QA10,2019-11-05 18:28:06.183,27.521,16,False
2019-11-05 18:27:40.498,CHH,09B,GA14,2019-11-05 18:28:09.498,29.0,8,False
2019-11-05 18:27:41.282,MOK,41,GA17,2019-11-05 18:28:04.989,23.707,5,False
2019-11-05 18:27:42.051,MOK,31,GA45,2019-11-05 18:28:11.962,29.911,12,False
2019-11-05 18:27:44.269,MOK,44,RA35,2019-11-05 18:28:02.000,17.731,3,False
2019-11-05 18:27:45.863,SKM,03,GA44,2019-11-05 18:28:07.179,21.316,8,False
2019-11-05 18:27:46.057,SKM,17,GA16,2019-11-05 18:28:05.187,19.13,9,False
2019-11-05 18:27:46.261,KOB,01,GA41,2019-11-05 18:28:06.116,19.855,7,False
2019-11-05 18:27:46.609,MOK,43,GA17,2019-11-05 18:28:09.969,23.36,8,False
2019-11-05 18:27:48.181,HOM,02,QA01,2019-11-05 18:28:21.523,33.342,21,False
2019-11-05 18:27:48.254,MOK,46,RA35,2019-11-05 18:28:10.522,22.268,10,False
2019-11-05 18:27:49.240,CHH,11,GA14,2019-11-05 18:29:01.168,71.928,56,True
2019-11-05 18:27:51.998,NTK,08,RA07,2019-11-05 18:28:17.539,25.541,14,False
2019-11-05 18:27:53.434,KOB,03,GA41,2019-11-05 18:28:13.554,20.12,9,False
2019-11-05 18:27:53.990,HOM,21,GA18,2019-11-05 18:28:28.894,34.904,21,False
2019-11-05 18:27:54.553,SKM,05,GA44,2019-11-05 18:28:15.089,20.536,8,False
2019-11-05 18:27:54.792,NTK,13,GA13,2019-11-05 18:28:16.081,21.289,11,False
2019-11-05 18:27:55.027,MOK,33,GA45,2019-11-05 18:28:31.047,36.02,12,False
2019-11-05 18:27:55.028,MOK,45,GA17,2019-11-05 18:28:30.027,34.999,14,False
2019-11-05 18:27:55.426,TIK,7109A,GA11,2019-11-05 18:29:12.324,76.898,0,False
2019-11-05 18:27:55.625,TIK,7118,QA10,2019-11-05 18:28:13.356,17.731,0,False
2019-11-05 18:27:55.824,LAT,6102,RS08,2019-11-05 18:28:06.116,10.292,7,False
2019-11-05 18:27:55.824,TIK,7116,QA10,2019-11-05 18:28:28.098,32.274,9,False
2019-11-05 18:27:56.012,TIK,7109B,GA11,2019-11-05 18:29:16.308,80.296,0,False
2019-11-05 18:27:56.012,TIK,7109C,GA11,2019-11-05 18:29:23.281,87.269,71,True
2019-11-05 18:27:56.013,SKM,19,GA16,2019-11-05 18:28:12.149,16.136,5,False
2019-11-05 18:27:58.414,YMT,32,RA35,2019-11-05 18:28:18.535,20.121,7,False
2019-11-05 18:27:58.613,WTS,07,GA15,2019-11-05 18:28:22.121,23.508,14,False
2019-11-05 18:28:02.000,SKM,21,GA16,2019-11-05 18:28:18.535,16.535,7,False
2019-11-05 18:28:02.076,WTS,12,RA04,2019-11-05 18:28:22.520,20.444,10,False
2019-11-05 18:28:02.781,SKM,07,GA44,2019-11-05 18:28:22.520,19.739,8,False
2019-11-05 18:28:02.797,KOB,05,GA41,2019-11-05 18:28:23.117,20.32,10,False
2019-11-05 18:28:03.793,KWT,6014,RS08,2019-11-05 18:29:28.461,84.668,69,False
2019-11-05 18:28:04.988,YAT,7005,GA40,2019-11-05 18:28:20.129,15.141,11,False
2019-11-05 18:28:05.386,TIK,7114,QA10,2019-11-05 18:28:43.238,37.852,20,False
2019-11-05 18:28:05.587,TIK,7110,RA09,2019-11-05 18:28:22.320,16.733,11,False
2019-11-05 18:28:05.984,YMT,34,RA35,2019-11-05 18:28:20.527,14.543,1,False
2019-11-05 18:28:06.183,NTK,15,GA13,2019-11-05 18:28:24.511,18.328,9,False
2019-11-05 18:28:06.583,NTK,10,RA07,2019-11-05 18:28:26.505,19.922,10,False
2019-11-05 18:28:07.379,MOK,35,GA45,2019-11-05 18:29:14.117,66.738,14,False
2019-11-05 18:28:07.579,LOF,12,QA36,2019-11-05 18:28:29.037,21.458,12,False
2019-11-05 18:28:07.977,YMT,36,RA35,2019-11-05 18:28:29.038,21.061,4,False
2019-11-05 18:28:09.371,MOK,47,GA17,2019-11-05 18:29:42.601,93.23,75,True
2019-11-05 18:28:09.570,KOT,01,GA16,2019-11-05 18:28:28.499,18.929,5,False
2019-11-05 18:28:09.969,HOM,04,QA01,2019-11-05 18:28:36.266,26.297,15,False
2019-11-05 18:28:10.933,SKM,09,GA44,2019-11-05 18:28:27.102,16.169,3,False
2019-11-05 18:28:11.363,LOF,11,GA42,2019-11-05 18:28:31.484,20.121,11,False
2019-11-05 18:28:12.150,WTS,14,RA04,2019-11-05 18:28:30.028,17.878,7,False
2019-11-05 18:28:12.559,YMT,38,RA35,2019-11-05 18:28:37.660,25.101,3,False
2019-11-05 18:28:12.759,DIH,12,QA05,2019-11-05 18:28:35.668,22.909,10,False
2019-11-05 18:28:12.948,WTS,09,GA15,2019-11-05 18:28:30.882,17.934,8,False
2019-11-05 18:28:13.156,KOB,07,GA41,2019-11-05 18:28:41.445,28.289,10,False
2019-11-05 18:28:14.351,SKM,11,GA44,2019-11-05 18:28:36.066,21.715,4,False
2019-11-05 18:28:15.499,KWT,6001,GA13,2019-11-05 18:28:34.871,19.372,7,False
2019-11-05 18:28:15.499,YMT,31,GA18,2019-11-05 18:28:40.985,25.486,11,False
2019-11-05 18:28:15.499,KOT,03,GA16,2019-11-05 18:28:44.035,28.536,7,False
2019-11-05 18:28:16.080,YMT,40,RA35,2019-11-05 18:29:43.602,87.522,70,True
2019-11-05 18:28:16.144,YAT,7007,GA40,2019-11-05 18:28:44.235,28.091,20,False
2019-11-05 18:28:16.941,TIK,7108,RA09,2019-11-05 18:28:29.293,12.352,4,False
2019-11-05 18:28:17.340,NTK,12,RA07,2019-11-05 18:28:29.499,12.159,2,False
2019-11-05 18:28:18.734,SKM,13,GA44,2019-11-05 18:29:37.028,78.294,62,True
2019-11-05 18:28:19.500,KOT,11,GA43,2019-11-05 18:28:44.035,24.535,15,False
2019-11-05 18:28:19.500,NTK,14,RA07,2019-11-05 18:28:36.066,16.566,6,False
2019-11-05 18:28:19.930,LOF,02,RA04,2019-11-05 18:28:37.660,17.73,6,False
2019-11-05 18:28:20.328,LOF,14,QA36,2019-11-05 18:28:40.052,19.724,7,False
2019-11-05 18:28:21.723,TIK,7106,RA09,2019-11-05 18:28:49.414,27.691,18,False
2019-11-05 18:28:21.872,MOK,37,GA45,2019-11-05 18:29:20.057,58.185,41,True
2019-11-05 18:28:21.872,WTS,11,GA15,2019-11-05 18:28:38.457,16.585,6,False
2019-11-05 18:28:22.519,KWT,6003,GA13,2019-11-05 18:28:40.449,17.93,4,False
2019-11-05 18:28:22.520,MOK,32B,QA02,2019-11-05 18:28:41.445,18.925,7,False
2019-11-05 18:28:22.918,LOF,13,GA42,2019-11-05 18:28:40.051,17.133,8,False
2019-11-05 18:28:23.473,KOT,05,GA16,2019-11-05 18:28:54.992,31.519,13,False
2019-11-05 18:28:23.515,WTS,02,QA05,2019-11-05 18:28:44.036,20.521,9,False
2019-11-05 18:28:23.914,HOM,14,RA46,2019-11-05 18:28:48.612,24.698,8,False
2019-11-05 18:28:24.083,KOB,09,GA41,2019-11-05 18:29:50.123,86.04,70,True
2019-11-05 18:28:25.063,HOM,06,QA01,2019-11-05 18:28:58.777,33.714,18,False
2019-11-05 18:28:25.509,KOB,02,RA07,2019-11-05 18:28:49.613,24.104,9,False
2019-11-05 18:28:26.105,YAT,7004,QA39,2019-11-05 18:28:39.255,13.15,2,False
2019-11-05 18:28:26.106,TIK,7112C,QA10,2019-11-05 18:29:59.341,93.235,6,False
2019-11-05 18:28:26.305,LAT,6107,GA12,2019-11-05 18:28:44.235,17.93,6,False
2019-11-05 18:28:26.504,LOF,04,RA04,2019-11-05 18:28:44.605,18.101,7,False
2019-11-05 18:28:26.669,KWT,6005,GA13,2019-11-05 18:28:50.942,24.273,4,False
2019-11-05 18:28:27.302,YMT,33,GA18,2019-11-05 18:28:51.207,23.905,6,False
2019-11-05 18:28:28.097,KOT,02,QA36,2019-11-05 18:28:56.984,28.887,9,False
2019-11-05 18:28:28.499,DIH,01,GA15,2019-11-05 18:28:50.012,21.513,7,False
2019-11-05 18:28:28.695,YAT,7002,QA39,2019-11-05 18:28:46.226,17.531,7,False
2019-11-05 18:28:29.038,KWT,6006,QA38,2019-11-05 18:28:51.935,22.897,7,False
2019-11-05 18:28:29.875,MOK,34A,QA02,2019-11-05 18:28:46.602,16.727,5,False
2019-11-05 18:28:30.911,KWT,6007,GA13,2019-11-05 18:30:15.875,104.964,86,True
2019-11-05 18:28:31.086,WTS,01,GA42,2019-11-05 18:28:49.613,18.527,9,False
2019-11-05 18:28:32.281,KOB,12,QA06,2019-11-05 18:28:52.601,20.32,10,False
2019-11-05 18:28:32.282,HOM,22,RA46,2019-11-05 18:28:55.390,23.108,5,False
2019-11-05 18:28:32.783,WTS,04,QA05,2019-11-05 18:28:52.203,19.42,8,False
2019-11-05 18:28:33.078,TIK,7112B,QA10,2019-11-05 18:30:04.320,91.242,1,False
2019-11-05 18:28:33.277,LAT,6109,GA12,2019-11-05 18:29:06.148,32.871,23,False
2019-11-05 18:28:33.430,YMT,35,GA18,2019-11-05 18:30:11.492,98.062,81,True
2019-11-05 18:28:34.074,LOF,06,RA04,2019-11-05 18:28:58.976,24.902,7,False
2019-11-05 18:28:34.273,TIK,7112A,QA10,2019-11-05 18:30:12.302,98.029,86,True
2019-11-05 18:28:34.839,KOT,13,GA43,2019-11-05 18:28:52.203,17.364,7,False
2019-11-05 18:28:35.270,KOB,04,RA07,2019-11-05 18:29:03.558,28.288,13,False
2019-11-05 18:28:35.867,MOK,34B,QA02,2019-11-05 18:28:51.008,15.141,5,False
2019-11-05 18:28:35.868,DIH,03,GA15,2019-11-05 18:29:50.123,74.255,8,False
2019-11-05 18:28:36.266,YAT,7009,GA40,2019-11-05 18:28:58.180,21.914,16,False
2019-11-05 18:28:36.466,LAT,6112,QA39,2019-11-05 18:29:19.297,42.831,21,False
2019-11-05 18:28:36.638,KWT,6004,QA38,2019-11-05 18:28:55.590,18.952,5,False
2019-11-05 18:28:37.262,KOT,07,GA16,2019-11-05 18:29:08.937,31.675,13,False
2019-11-05 18:28:37.461,HOM,05,RA46,2019-11-05 18:29:02.733,25.272,2,False
2019-11-05 18:28:37.859,KOT,04,QA36,2019-11-05 18:29:10.133,32.274,14,False
2019-11-05 18:28:40.250,TIK,7104,RA09,2019-11-05 18:29:00.172,19.922,13,False
2019-11-05 18:28:40.450,HOM,03,RA46,,,,False
2019-11-05 18:28:40.984,WTS,03,GA42,2019-11-05 18:29:05.551,24.567,5,False
2019-11-05 18:28:40.985,WTS,06,QA05,2019-11-05 18:29:06.148,25.163,7,False
2019-11-05 18:28:41.246,MOK,36,QA02,2019-11-05 18:29:08.938,27.692,9,False
2019-11-05 18:28:41.844,LOF,08,RA04,2019-11-05 18:29:51.569,69.725,10,False
2019-11-05 18:28:42.441,KOT,15,GA43,2019-11-05 18:28:58.499,16.058,6,False
2019-11-05 18:28:42.597,KWT,6002,QA38,2019-11-05 18:29:04.932,22.335,11,False
2019-11-05 18:28:42.841,KOB,14,QA06,2019-11-05 18:29:00.570,17.729,7,False
2019-11-05 18:28:43.437,HOM,08,QA01,2019-11-05 18:29:34.610,51.173,26,False
2019-11-05 18:28:44.234,DIH,05,GA15,2019-11-05 18:30:00.137,75.903,61,True
2019-11-05 18:28:44.605,KOT,12,RA03,2019-11-05 18:29:05.551,20.946,11,False
2019-11-05 18:28:46.027,CHH,12,RA37,2019-11-05 18:29:09.535,23.508,9,False
2019-11-05 18:28:46.027,CHH,13A,GA14,2019-11-05 18:29:10.451,24.424,12,False
2019-11-05 18:28:46.427,WTS,05,GA42,2019-11-05 18:30:06.512,80.085,65,True
2019-11-05 18:28:47.820,HOM,13,GA19,2019-11-05 18:29:11.527,23.707,6,False
2019-11-05 18:28:48.195,WTS,08,QA05,2019-11-05 18:30:13.086,84.891,11,False
2019-11-05 18:28:48.418,KOB,06,RA07,2019-11-05 18:29:20.631,32.213,12,False
2019-11-05 18:28:49.414,LOF,01,GA43,2019-11-05 18:29:05.152,15.738,5,False
2019-11-05 18:28:50.609,KOT,09,GA16,,,78,True
2019-11-05 18:28:50.808,KOB,16,QA06,2019-11-05 18:29:09.933,19.125,9,False
2019-11-05 18:28:51.207,MOK,38,QA02,2019-11-05 18:30:06.062,74.855,9,False
2019-11-05 18:28:52.204,KOT,06,QA36,2019-11-05 18:29:24.477,32.273,11,False
2019-11-05 18:28:52.402,LOF,10,RA04,2019-11-05 18:30:00.137,67.735,56,True
2019-11-05 18:28:53.200,TIK,7101,GA40,2019-11-05 18:29:31.211,38.011,25,False
2019-11-05 18:28:53.398,TIK,7102,RA09,2019-11-05 18:29:10.332,16.934,8,False
2019-11-05 18:28:53.997,NTK,02,QA38,2019-11-05 18:29:12.125,18.128,8,False
2019-11-05 18:28:54.195,HOM,15,GA19,2019-11-05 18:29:24.078,29.883,14,False
2019-11-05 18:28:55.191,LOF,03,GA43,2019-11-05 18:29:12.125,16.934,5,False
2019-11-05 18:28:55.191,WHA,04,GA20,2019-11-05 18:29:23.481,28.29,12,False
2019-11-05 18:28:55.790,CHH,14,RA37,2019-11-05 18:29:16.047,20.257,6,False
2019-11-05 18:28:56.387,KOT,14,RA03,2019-11-05 18:29:12.125,15.738,7,False
2019-11-05 18:28:56.786,YAT,7001,GA12,2019-11-05 18:29:29.406,32.62,16,False
2019-11-05 18:28:58.379,LAT,6110,QA39,2019-11-05 18:29:42.208,43.829,24,False
2019-11-05 18:28:58.777,CHH,15,GA14,2019-11-05 18:29:18.101,19.324,8,False
2019-11-05 18:28:59.375,WTS,10,QA05,,,71,True
2019-11-05 18:29:00.371,CHH,02,QA06,2019-11-05 18:29:22.086,21.715,12,False
2019-11-05 18:29:00.970,MOK,40,QA02,2019-11-05 18:30:13.086,72.116,56,True
2019-11-05 18:29:01.168,LOF,05,GA43,2019-11-05 18:29:25.984,24.816,6,False
2019-11-05 18:29:01.169,KOB,08,RA07,,,14,False
2019-11-05 18:29:01.965,YAT,7012,RA09,2019-11-05 18:29:32.246,30.281,21,False
2019-11-05 18:29:02.536,CHH,16,RA37,2019-11-05 18:29:20.631,18.095,4,False
2019-11-05 18:29:02.562,NTK,04,QA38,2019-11-05 18:29:27.465,24.903,7,False
2019-11-05 18:29:02.961,MOK,39,GA45,2019-11-05 18:29:29.656,26.695,6,False
2019-11-05 18:29:03.758,KOT,16,RA03,2019-11-05 18:29:18.501,14.743,6,False
2019-11-05 18:29:03.958,KOT,08,QA36,,,13,False
2019-11-05 18:29:06.945,CHH,17,GA14,2019-11-05 18:29:25.074,18.129,7,False
2019-11-05 18:29:06.946,CHH,18,RA37,2019-11-05 18:29:25.074,18.128,3,False
2019-11-05 18:29:07.490,WHA,02,GA20,2019-11-05 18:29:33.441,25.951,9,False
2019-11-05 18:29:07.543,TIK,7111,GA11,2019-11-05 18:29:29.406,21.863,9,False
2019-11-05 18:29:07.941,LOF,07,GA43,,,11,False
2019-11-05 18:29:08.739,HOM,17,GA19,2019-11-05 18:29:44.797,36.058,23,False
2019-11-05 18:29:09.734,MOK,41,GA45,2019-11-05 18:29:48.116,38.382,6,False
2019-11-05 18:29:09.933,NTK,06,QA38,,,61,True
2019-11-05 18:29:10.332,HOM,10,QA01,,,9,False
2019-11-05 18:29:10.531,SKM,02,RA03,2019-11-05 18:29:25.074,14.543,5,False
2019-11-05 18:29:10.930,CHH,20,RA37,2019-11-05 18:29:30.055,19.125,6,False
2019-11-05 18:29:13.001,CHH,04,QA06,2019-11-05 18:29:35.633,22.632,11,False
2019-11-05 18:29:13.002,KWT,6012,RS08,2019-11-05 18:29:41.610,28.608,13,False
2019-11-05 18:29:13.519,YAT,7003A,GA12,,,4,False
2019-11-05 18:29:14.117,CHH,19,GA14,2019-11-05 18:29:31.648,17.531,7,False
2019-11-05 18:29:15.910,SKM,04,RA03,2019-11-05 18:29:31.648,15.738,5,False
2019-11-05 18:29:16.047,KOB,10,RA07,,,,True
2019-11-05 18:29:16.308,MOK,43,GA45,2019-11-05 18:29:57.471,41.163,7,False
2019-11-05 18:29:16.707,TIK,7113,GA11,2019-11-05 18:29:42.208,25.501,17,False
2019-11-05 18:29:17.083,KOT,10,QA36,,,,True
2019-11-05 18:29:17.084,DIH,02,RA37,2019-11-05 18:29:38.024,20.94,10,False
2019-11-05 18:29:17.105,HOM,20,GA20,2019-11-05 18:29:50.123,33.018,17,False
2019-11-05 18:29:18.301,YAT,7003B,GA12,,,2,False
2019-11-05 18:29:18.903,TIK,7103,GA40,2019-11-05 18:29:44.189,25.286,15,False
2019-11-05 18:29:19.497,LOF,09,GA43,,,,True
2019-11-05 18:29:20.293,HOM,12,QA01,,,57,True
2019-11-05 18:29:20.903,SKM,15,GA44,2019-11-05 18:29:44.997,24.094,14,False
2019-11-05 18:29:21.091,YAT,7003C,GA12,,,3,False
2019-11-05 18:29:21.488,CHH,21,GA14,2019-11-05 18:29:39.019,17.531,7,False
2019-11-05 18:29:21.901,SKM,06,RA03,2019-11-05 18:29:38.422,16.521,6,False
2019-11-05 18:29:23.082,LAT,6108,QA39,2019-11-05 18:29:59.340,36.258,11,False
2019-11-05 18:29:23.481,YAT,7010,RA09,2019-11-05 18:29:50.123,26.642,23,False
2019-11-05 18:29:24.011,CHH,06,QA06,2019-11-05 18:29:45.992,21.981,8,False
2019-11-05 18:29:24.078,MOK,45,GA45,2019-11-05 18:30:17.668,53.59,32,False
2019-11-05 18:29:24.876,YAT,7003D,GA12,,,,True
2019-11-05 18:29:25.274,SKM,01,GA17,2019-11-05 18:29:50.123,24.849,12,False
2019-11-05 18:29:26.070,KWT,6010,RS08,2019-11-05 18:29:52.636,26.566,10,False
2019-11-05 18:29:26.867,YMT,42,RA35,2019-11-05 18:29:48.116,21.249,8,False
2019-11-05 18:29:27.205,DIH,04,RA37,2019-11-05 18:29:44.000,16.795,6,False
2019-11-05 18:29:28.859,SKM,08,RA03,2019-11-05 18:29:52.168,23.309,6,False
2019-11-05 18:29:29.286,KOB,01,GA14,2019-11-05 18:29:46.590,17.304,6,False
2019-11-05 18:29:32.048,HOM,19,GA19,2019-11-05 18:30:07.088,35.04,22,False
2019-11-05 18:29:32.445,CHH,08,QA06,2019-11-05 18:29:56.466,24.021,5,False
2019-11-05 18:29:33.242,DIH,06,RA37,2019-11-05 18:30:03.125,29.883,9,False
2019-11-05 18:29:33.840,TIK,7115,GA11,2019-11-05 18:29:46.191,12.351,0,False
2019-11-05 18:29:34.039,TIK,7149,GA11,2019-11-05 18:29:50.176,16.137,0,False
2019-11-05 18:29:34.205,LAT,6106,QA39,,,12,False
2019-11-05 18:29:34.238,TIK,7105,GA40,2019-11-05 18:29:51.372,17.134,12,False
2019-11-05 18:29:34.437,TIK,7120,GA11,2019-11-05 18:29:59.341,24.904,,False
2019-11-05 18:29:34.637,HOM,18,GA20,2019-11-05 18:29:55.157,20.52,4,False
2019-11-05 18:29:35.016,KOB,11,GA41,2019-11-05 18:30:00.137,25.121,14,False
2019-11-05 18:29:35.234,SKM,17,GA44,2019-11-05 18:29:53.563,18.329,9,False
2019-11-05 18:29:35.433,SKM,10,RA03,,,9,False
2019-11-05 18:29:35.633,KOB,03,GA14,2019-11-05 18:29:57.471,21.838,6,False
2019-11-05 18:29:35.832,YMT,44,RA35,2019-11-05 18:29:59.075,23.243,11,False
2019-11-05 18:29:36.629,KWT,6008,RS08,2019-11-05 18:30:06.910,30.281,14,True
2019-11-05 18:29:38.023,SKM,03,GA17,2019-11-05 18:29:58.144,20.121,7,False
2019-11-05 18:29:38.223,CHH,10,QA06,,,,True
2019-11-05 18:29:38.820,HOM,22,GA20,2019-11-05 18:30:00.138,21.318,5,False
2019-11-05 18:29:42.602,KOB,05,GA14,2019-11-05 18:30:09.500,26.898,14,False
2019-11-05 18:29:43.203,DIH,08,RA37,,,12,False
2019-11-05 18:29:44.001,HOM,07,GA20,2019-11-05 18:30:09.642,25.641,4,False
2019-11-05 18:29:44.598,SKM,19,GA44,2019-11-05 18:30:00.535,15.937,6,False
2019-11-05 18:29:44.744,TIK,7122,RA11,,,,False
2019-11-05 18:29:45.195,SKM,12,RA03,,,,True
2019-11-05 18:29:45.984,SKM,05,GA17,2019-11-05 18:30:06.063,20.079,7,False
2019-11-05 18:29:46.191,DIH,07,GA15,2019-11-05 18:30:07.475,21.284,8,False
2019-11-05 18:29:46.729,YAT,7008,RA09,2019-11-05 18:30:05.316,18.587,0,False
2019-11-05 18:29:46.789,TIK,7107,GA40,2019-11-05 18:30:01.332,14.543,0,False
2019-11-05 18:29:46.988,LAT,6104,QA39,,,,True
2019-11-05 18:29:47.187,TIK,7109A,GA40,,,10,False
2019-11-05 18:29:47.381,YAT,7006C,RA09,,,10,False
2019-11-05 18:29:47.785,HOM,02,RA35,,,22,False
2019-11-05 18:29:48.980,HOM,09,GA20,,,7,False
2019-11-05 18:29:49.180,LOF,12,RA04,2019-11-05 18:30:11.034,21.854,11,False
2019-11-05 18:29:49.181,KOB,13,GA41,2019-11-05 18:30:08.507,19.326,9,False
2019-11-05 18:29:51.172,SKM,21,GA44,2019-11-05 18:30:06.512,15.34,6,False
2019-11-05 18:29:51.569,KWT,6006,RS08,2019-11-05 18:30:13.303,21.734,5,False
2019-11-05 18:29:51.754,WTS,07,GA42,2019-11-05 18:30:15.476,23.722,14,False
2019-11-05 18:29:53.961,SKM,07,GA17,2019-11-05 18:30:13.484,19.523,7,False
2019-11-05 18:29:54.359,HOM,21,GA19,,,22,False
2019-11-05 18:29:54.957,YMT,37,GA18,2019-11-05 18:30:15.038,20.081,6,False
2019-11-05 18:29:55.156,DIH,09,GA15,2019-11-05 18:30:16.075,20.919,10,False
2019-11-05 18:29:55.355,DIH,10,RA37,,,,True
2019-11-05 18:29:56.351,HOM,11,GA20,,,,True
2019-11-05 18:29:56.551,MOK,47,GA45,,,,True
2019-11-05 18:29:56.750,KOB,07,GA14,,,14,False
2019-11-05 18:29:56.949,KWT,6004,RS08,,,,False
2019-11-05 18:29:57.348,KWT,6004,RA08,,,5,False
2019-11-05 18:29:57.471,MOK,42,QA02,,,8,False
2019-11-05 18:29:57.547,KWT,6009,GA13,,,8,False
2019-11-05 18:29:57.746,TIK,7109B,GA40,,,0,False
2019-11-05 18:29:57.746,KOT,01,GA44,2019-11-05 18:30:16.075,18.329,6,False
2019-11-05 18:29:57.945,YAT,7006B,RA09,,,2,False
2019-11-05 18:29:57.945,TIK,7109C,GA40,,,,True
2019-11-05 18:29:58.942,KOB,15,GA41,2019-11-05 18:30:16.619,17.677,8,False
2019-11-05 18:30:00.465,LOF,14,RA04,,,9,False
2019-11-05 18:30:00.735,YAT,7006A,RA09,,,,True
2019-11-05 18:30:00.933,TIK,7110,QA10,,,9,False
2019-11-05 18:30:01.333,YMT,39,GA18,,,7,False
2019-11-05 18:30:01.423,SKM,09,GA17,,,4,False
2019-11-05 18:30:02.906,KWT,6002,RA08,,,,False
2019-11-05 18:30:03.922,KOT,03,GA44,,,7,False
2019-11-05 18:30:05.460,SKM,11,GA17,,,5,False
2019-11-05 18:30:05.515,CHH,01,GA15,,,6,False
2019-11-05 18:30:05.914,KWT,6011,GA13,,,6,False
2019-11-05 18:30:06.062,MOK,44,QA02,,,4,False
2019-11-05 18:30:06.113,WTS,09,GA42,,,8,False
2019-11-05 18:30:07.475,NTK,01,GA41,,,5,False
2019-11-05 18:30:08.592,YMT,41,GA18,,,,False
2019-11-05 18:30:09.101,KOT,11,GA16,,,,False
2019-11-05 18:30:09.642,KOT,02,RA04,,,,False
2019-11-05 18:30:10.098,TIK,7108,QA10,,,4,False
2019-11-05 18:30:10.695,HOM,04,RA35,,,,False
2019-11-05 18:30:10.894,SKM,13,GA17,,,,True
2019-11-05 18:30:11.034,MOK,46,QA02,,,,False
2019-11-05 18:30:11.094,WTS,12,QA05,,,,False
2019-11-05 18:30:11.206,KOB,09,GA14,,,,True
2019-11-05 18:30:11.493,NTK,08,QA38,,,,False
2019-11-05 18:30:11.691,KOT,05,GA44,,,,False
2019-11-05 18:30:12.091,CHH,03,GA15,,,4,False
2019-11-05 18:30:12.302,KWT,6013,GA13,,,,False
2019-11-05 18:30:12.687,NTK,03,GA41,,,2,False
2019-11-05 18:30:14.473,TIK,7106,QA10,,,,False
2019-11-05 18:30:14.879,WTS,11,GA42,,,,False
2019-11-05 18:30:15.039,NTK,05,GA41,,,,False
2019-11-05 18:30:16.461,YMT,31,GA19,,,,False
2019-11-05 18:30:16.462,CHH,05,GA15,,,,False
2019-11-05 18:30:17.470,HOM,14,QA01,,,,False
